8.8196e-01
6.0635e-01
8.8944e-01
8.1798e-01
7.7552e-01
5.8050e-01
8.3551e-01
8.2357e-01
7.4561e-01
9.0338e-01
8.9049e-01
8.5609e-01
5.6345e-01
4.3819e-01
5.1587e-01
6.0870e-01
7.8079e-01
6.4022e-01
5.9580e-01
6.5697e-01
5.9146e-01
8.8207e-01
5.0036e-01
8.9276e-01
6.4922e-01
8.0580e-01
8.4845e-01
8.2357e-01
8.7441e-01
5.9445e-01
-6.0249e-02
6.9762e-01
8.8769e-01
7.5581e-01
7.7308e-01
5.8269e-01
7.9363e-01
4.6673e-01
8.2180e-01
7.0823e-01
8.7417e-01
8.4678e-01
9.0057e-01
8.5635e-01
7.9713e-01
8.9988e-01
8.5666e-01
6.8945e-01
7.5185e-01
6.4241e-01
7.5282e-01
7.3158e-01
8.9746e-01
7.0027e-01
7.9363e-01
8.7441e-01
6.9236e-01
8.8769e-01
6.3245e-01
9.0338e-01
7.9266e-01
7.7440e-01
6.6357e-01
6.6357e-01
5.2417e-01
8.2338e-01
6.0861e-01
5.9756e-01
8.6477e-01
6.8945e-01
7.7440e-01
8.0356e-01
9.1363e-01
2.7902e-01
8.7374e-01
7.2414e-01
8.9953e-01
7.4561e-01
2.7902e-01
9.1358e-01
7.8065e-01
7.4603e-01
7.5442e-01
5.0036e-01
7.0440e-01
8.3908e-01
7.4603e-01
7.3623e-01
8.4745e-01
8.8944e-01
7.3623e-01
8.7117e-01
7.1680e-01
8.1689e-01
8.8224e-01
8.1476e-01
1.7282e-01
9.1083e-01
6.6241e-01
7.8383e-01
6.7877e-01
8.3904e-01
8.5424e-01
7.3022e-01
7.5892e-01
7.5282e-01
8.4933e-01
7.5891e-01
6.6241e-01
8.6477e-01
6.3284e-01
7.9380e-01
7.5507e-01
9.0183e-01
8.2702e-01
5.7271e-01
8.0186e-01
9.0197e-01
8.3966e-01
8.6150e-01
7.6184e-01
6.4022e-01
8.6765e-01
9.2318e-01
7.0823e-01
8.9624e-01
7.8383e-01
7.3534e-01
7.7913e-01
6.9762e-01
7.8079e-01
7.8831e-01
8.8073e-01
3.7509e-01
9.0578e-01
9.0343e-01
7.0440e-01
6.0870e-01
8.8030e-01
8.6467e-01
4.3146e-01
8.5774e-01
7.0593e-01
6.1803e-01
8.9289e-01
8.4933e-01
7.5507e-01
5.9234e-01
7.4691e-01
9.0197e-01
6.7877e-01
8.3966e-01
7.8831e-01
8.0930e-01
7.7308e-01
8.9502e-01
8.6397e-01
7.5946e-01
2.8765e-01
6.6626e-01
8.9504e-01
9.1383e-01
9.0578e-01
5.0748e-01
2.2188e-01
6.0451e-01
3.9138e-01
7.3036e-01
5.9445e-01
6.0577e-01
6.3881e-01
5.1637e-01
8.2661e-02
5.9234e-01
7.6135e-01
7.2005e-01
6.3284e-01
8.4658e-01
8.0659e-01
7.3022e-01
-6.0249e-02
8.0186e-01
9.0245e-01
6.5697e-01
8.8791e-01
7.3534e-01
6.0861e-01
2.2188e-01
8.5635e-01
6.9282e-01
5.2766e-01
8.8030e-01
8.8015e-01
8.5609e-01
5.7012e-01
8.8073e-01
7.5891e-01
8.1689e-01
9.0343e-01
6.1326e-01
7.5892e-01
6.7427e-01
8.3759e-01
7.6184e-01
9.1098e-01
7.7552e-01
6.9236e-01
8.1476e-01
8.9937e-01
4.3604e-01
7.6466e-01
5.1637e-01
8.5507e-01
6.9282e-01
7.8635e-01
7.2005e-01
8.3551e-01
7.0593e-01
8.6765e-01
3.7565e-01
8.9054e-01
3.7509e-01
8.9746e-01
7.7148e-01
5.6345e-01
7.6466e-01
8.8224e-01
8.1221e-01
8.5666e-01
7.6968e-01
7.4871e-01
7.7019e-01
7.4871e-01
7.1656e-01
8.8207e-01
4.6673e-01
9.2318e-01
6.2919e-01
5.8050e-01
7.9266e-01
8.7685e-01
2.7016e-01
7.5581e-01
7.8061e-01
9.1274e-01
8.9049e-01
2.8765e-01
8.0356e-01
5.9756e-01
6.3245e-01
6.2919e-01
9.0340e-01
7.9158e-01
8.5424e-01
5.8172e-01
7.9844e-01
6.4922e-01
8.1483e-01
7.2159e-01
7.5442e-01
3.7565e-01
7.3158e-01
8.5774e-01
7.8988e-01
7.9713e-01
8.0930e-01
5.1587e-01
5.5099e-01
8.8989e-01
9.1853e-01
6.1872e-01
7.6968e-01
8.9289e-01
6.1872e-01
8.3759e-01
4.3819e-01
7.0027e-01
6.4205e-01
9.1098e-01
8.5242e-01
7.8065e-01
8.9937e-01
6.3881e-01
5.5099e-01
1.7282e-01
6.1803e-01
8.6467e-01
8.7374e-01
8.1798e-01
5.2766e-01
7.9380e-01
9.0504e-01
4.3604e-01
8.1483e-01
7.7148e-01
8.5242e-01
7.8988e-01
9.1853e-01
7.0617e-01
6.4205e-01
5.9146e-01
5.7012e-01
8.8040e-01
7.8635e-01
5.7271e-01
7.4691e-01
6.0451e-01
8.3904e-01
8.6397e-01
8.9502e-01
8.9504e-01
8.8196e-01
8.9054e-01
7.3047e-01
8.0580e-01
8.7117e-01
5.2417e-01
4.3146e-01
7.7913e-01
8.4678e-01
7.3036e-01
7.5185e-01
9.1083e-01
7.2159e-01
9.0834e-01
7.9158e-01
8.2180e-01
8.5155e-01
7.8061e-01
7.7949e-01
7.7949e-01
8.4658e-01
8.8989e-01
