1744852623893 9.011011600494385 0
1744852632467 8.050713300704956 1
1744852642369 9.854597806930542 2
1744852651725 9.298686265945435 3
1744852660164 8.386175155639648 4
1744852668631 8.414295196533203 5
1744852676963 8.275720119476318 6
1744852685399 8.379646301269531 7
1744852694126 8.37860631942749 8
1744852702899 8.296269178390503 9
1744852711564 8.326010704040527 10
1744852720479 8.410414695739746 11
1744852729419 8.612610101699829 12
1744852738083 8.16860055923462 13
1744852747195 8.626961708068848 14
1744852755409 8.158339500427246 15
1744852763846 8.379762172698975 16
1744852772826 8.468433618545532 17
1744852781321 8.442943572998047 18
1744852789758 8.379782676696777 19
1744852798546 8.439347505569458 20
1744852806880 8.27778959274292 21
1744852815604 8.202838659286499 22
1744852823898 8.241001605987549 23
1744852832360 8.405313730239868 24
