1744852623893 0.0 0
1744852632467 1.0 1
1744852642369 2.0 2
1744852651725 3.0 3
1744852660164 4.0 4
1744852668631 5.0 5
1744852676963 6.0 6
1744852685399 7.0 7
1744852694126 8.0 8
1744852702899 9.0 9
1744852711564 10.0 10
1744852720479 11.0 11
1744852729419 12.0 12
1744852738083 13.0 13
1744852747195 14.0 14
1744852755409 15.0 15
1744852763846 16.0 16
1744852772826 17.0 17
1744852781321 18.0 18
1744852789758 19.0 19
1744852798546 20.0 20
1744852806880 21.0 21
1744852815604 22.0 22
1744852823898 23.0 23
1744852832360 24.0 24
