1744852623893 0.0008027576259337366 0
1744852632467 0.0012072562240064144 1
1744852642369 0.004719919059425592 2
1744852651725 0.021539412438869476 3
1744852660164 0.054739613085985184 4
1744852668631 0.1205717995762825 5
1744852676963 0.24799922108650208 6
1744852685399 0.5094167590141296 7
1744852694126 1.0325331687927246 8
1744852702899 1.9897792339324951 9
1744852711564 3.7378323078155518 10
1744852720479 5.960048198699951 11
1744852729419 9.174577713012695 12
1744852738083 15.141759872436523 13
1744852747195 23.637113571166992 14
1744852755409 34.2301025390625 15
1744852763846 51.09897232055664 16
1744852772826 67.47167205810547 17
1744852781321 85.52943420410156 18
1744852789758 101.78278350830078 19
1744852798546 105.60228729248047 20
1744852806880 125.43290710449219 21
1744852815604 128.93328857421875 22
1744852823898 160.22132873535156 23
1744852832360 172.7978515625 24
