1744852623893 0.0828443169593811 0
1744852632467 0.08317016810178757 1
1744852642369 0.08218368887901306 2
1744852651725 0.08098582923412323 3
1744852660164 0.08029878884553909 4
1744852668631 0.07939157634973526 5
1744852676963 0.08055233210325241 6
1744852685399 0.09765195846557617 7
1744852694126 0.12772201001644135 8
1744852702899 0.16314686834812164 9
1744852711564 0.20233656466007233 10
1744852720479 0.2458035796880722 11
1744852729419 0.2920819818973541 12
1744852738083 0.3439500033855438 13
1744852747195 0.39868253469467163 14
1744852755409 0.45731261372566223 15
1744852763846 0.5191976428031921 16
1744852772826 0.5813555121421814 17
1744852781321 0.6376786231994629 18
1744852789758 0.686515212059021 19
1744852798546 0.7205215096473694 20
1744852806880 0.7377752065658569 21
1744852815604 0.7454303503036499 22
1744852823898 0.7422323226928711 23
1744852832360 0.7412813305854797 24
