1744852623893 40.299949645996094 0
1744852632467 40.299949645996094 1
1744852642369 40.29993438720703 2
1744852651725 40.29988098144531 3
1744852660164 40.300025939941406 4
1744852668631 40.29887008666992 5
1744852676963 40.29887771606445 6
1744852685399 40.29519271850586 7
1744852694126 40.28515625 8
1744852702899 40.277565002441406 9
1744852711564 40.26643371582031 10
1744852720479 40.211029052734375 11
1744852729419 40.1104850769043 12
1744852738083 40.11122131347656 13
1744852747195 39.91618347167969 14
1744852755409 39.742435455322266 15
1744852763846 39.50074005126953 16
1744852772826 38.769012451171875 17
1744852781321 39.05516815185547 18
1744852789758 38.078853607177734 19
1744852798546 38.33854675292969 20
1744852806880 36.96490478515625 21
1744852815604 37.46031951904297 22
1744852823898 38.3186149597168 23
1744852832360 36.95891571044922 24
