1744852623893 0.017493348568677902 0
1744852632467 -0.023686572909355164 1
1744852642369 -0.01298823207616806 2
1744852651725 -0.054886385798454285 3
1744852660164 -0.04147401079535484 4
1744852668631 -0.04531998187303543 5
1744852676963 0.03537827357649803 6
1744852685399 0.06233888491988182 7
1744852694126 0.11390663683414459 8
1744852702899 0.26788392663002014 9
1744852711564 0.3029211163520813 10
1744852720479 0.40328073501586914 11
1744852729419 0.42591261863708496 12
1744852738083 0.4903802275657654 13
1744852747195 0.5215998291969299 14
1744852755409 0.5403246283531189 15
1744852763846 0.5613590478897095 16
1744852772826 0.5312736630439758 17
1744852781321 0.5601023435592651 18
1744852789758 0.5909930467605591 19
1744852798546 0.5842214226722717 20
1744852806880 0.5962153673171997 21
1744852815604 0.6081665754318237 22
1744852823898 0.6133636832237244 23
1744852832360 0.626836895942688 24
