1744852623893 0.7474023103713989 0
1744852632467 0.7479849457740784 1
1744852642369 0.7478410601615906 2
1744852651725 0.7475742101669312 3
1744852660164 0.7486118078231812 4
1744852668631 0.7490028738975525 5
1744852676963 0.7486271262168884 6
1744852685399 0.7487447261810303 7
1744852694126 0.7489361763000488 8
1744852702899 0.7485069036483765 9
1744852711564 0.748369574546814 10
1744852720479 0.7478945851325989 11
1744852729419 0.7466467618942261 12
1744852738083 0.7463150024414062 13
1744852747195 0.7471311688423157 14
1744852755409 0.746434211730957 15
1744852763846 0.7464887499809265 16
1744852772826 0.7456642985343933 17
1744852781321 0.7491940259933472 18
1744852789758 0.7475069761276245 19
1744852798546 0.7490124702453613 20
1744852806880 0.7490322589874268 21
1744852815604 0.7473626136779785 22
1744852823898 0.7470920085906982 23
1744852832360 0.7479063272476196 24
