1745695257429 7.234846115112305 0
1745695265040 7.2233710289001465 1
1745695272344 7.271666765213013 2
1745695280038 7.401979684829712 3
1745695287723 7.264915227890015 4
1745695295650 7.510399580001831 5
1745695303649 7.712010145187378 6
1745695311069 7.3843607902526855 7
1745695318458 7.3548736572265625 8
1745695325923 7.427489280700684 9
1745695333386 7.424999237060547 10
1745695340823 7.398492813110352 11
1745695348597 7.477675676345825 12
1745695356063 7.429963827133179 13
1745695363510 7.410014867782593 14
1745695370888 7.339783668518066 15
1745695378472 7.5427937507629395 16
1745695385756 7.242598533630371 17
1745695393399 7.5989696979522705 18
1745695400871 7.429036855697632 19
1745695408360 7.446836948394775 20
1745695415793 7.3915855884552 21
1745695423275 7.439507961273193 22
1745695430692 7.374521017074585 23
1745695438081 7.34567666053772 24
