1745695257429 0.0 0
1745695265040 1.0 1
1745695272344 2.0 2
1745695280038 3.0 3
1745695287723 4.0 4
1745695295650 5.0 5
1745695303649 6.0 6
1745695311069 7.0 7
1745695318458 8.0 8
1745695325923 9.0 9
1745695333386 10.0 10
1745695340823 11.0 11
1745695348597 12.0 12
1745695356063 13.0 13
1745695363510 14.0 14
1745695370888 15.0 15
1745695378472 16.0 16
1745695385756 17.0 17
1745695393399 18.0 18
1745695400871 19.0 19
1745695408360 20.0 20
1745695415793 21.0 21
1745695423275 22.0 22
1745695430692 23.0 23
1745695438081 24.0 24
