1745695257429 0.0013913223519921303 0
1745695265040 0.13830320537090302 1
1745695272344 3.573094606399536 2
1745695280038 28.933547973632812 3
1745695287723 34.57859420776367 4
1745695295650 34.656795501708984 5
1745695303649 27.879362106323242 6
1745695311069 39.89331817626953 7
1745695318458 32.78926086425781 8
1745695325923 37.38163375854492 9
1745695333386 35.84523010253906 10
1745695340823 33.38396453857422 11
1745695348597 37.800048828125 12
1745695356063 32.02719497680664 13
1745695363510 32.52925491333008 14
1745695370888 32.35070037841797 15
1745695378472 32.639434814453125 16
1745695385756 28.875808715820312 17
1745695393399 31.563039779663086 18
1745695400871 32.24916076660156 19
1745695408360 33.294532775878906 20
1745695415793 30.985748291015625 21
1745695423275 35.1396484375 22
1745695430692 29.188032150268555 23
1745695438081 30.143264770507812 24
