1745695257429 0.03296324238181114 0
1745695265040 0.054208964109420776 1
1745695272344 0.24123108386993408 2
1745695280038 0.5774707794189453 3
1745695287723 0.768959105014801 4
1745695295650 0.7372176051139832 5
1745695303649 0.7516051530838013 6
1745695311069 0.7321946620941162 7
1745695318458 0.7461684346199036 8
1745695325923 0.7409202456474304 9
1745695333386 0.7417313456535339 10
1745695340823 0.7389975190162659 11
1745695348597 0.7456353902816772 12
1745695356063 0.7391058206558228 13
1745695363510 0.7419834136962891 14
1745695370888 0.7482541799545288 15
1745695378472 0.7416620850563049 16
1745695385756 0.7417318820953369 17
1745695393399 0.7420410513877869 18
1745695400871 0.7406312227249146 19
1745695408360 0.7494253516197205 20
1745695415793 0.7365484237670898 21
1745695423275 0.738170325756073 22
1745695430692 0.7398449778556824 23
1745695438081 0.7386960983276367 24
