1745695257429 14.100016593933105 0
1745695265040 14.097107887268066 1
1745695272344 14.081186294555664 2
1745695280038 13.780876159667969 3
1745695287723 13.299396514892578 4
1745695295650 12.483602523803711 5
1745695303649 12.888373374938965 6
1745695311069 12.190221786499023 7
1745695318458 11.00667667388916 8
1745695325923 11.257010459899902 9
1745695333386 11.815381050109863 10
1745695340823 11.116515159606934 11
1745695348597 11.14448070526123 12
1745695356063 10.762955665588379 13
1745695363510 10.99412727355957 14
1745695370888 10.132964134216309 15
1745695378472 11.203104972839355 16
1745695385756 10.29521369934082 17
1745695393399 11.706937789916992 18
1745695400871 11.080314636230469 19
1745695408360 11.180052757263184 20
1745695415793 10.580516815185547 21
1745695423275 10.472074508666992 22
1745695430692 11.695785522460938 23
1745695438081 10.936894416809082 24
