1745695257429 0.01041016262024641 0
1745695265040 0.028416747227311134 1
1745695272344 0.1340985894203186 2
1745695280038 0.2541242837905884 3
1745695287723 0.37738773226737976 4
1745695295650 0.4390784204006195 5
1745695303649 0.47458702325820923 6
1745695311069 0.5081048607826233 7
1745695318458 0.49654656648635864 8
1745695325923 0.5151317715644836 9
1745695333386 0.5163350701332092 10
1745695340823 0.5385987162590027 11
1745695348597 0.5551635026931763 12
1745695356063 0.5325340032577515 13
1745695363510 0.5384511351585388 14
1745695370888 0.5611671805381775 15
1745695378472 0.5734446048736572 16
1745695385756 0.5940983295440674 17
1745695393399 0.5894547700881958 18
1745695400871 0.5963931083679199 19
1745695408360 0.5940105319023132 20
1745695415793 0.593479335308075 21
1745695423275 0.5858814716339111 22
1745695430692 0.6312052607536316 23
1745695438081 0.5998030304908752 24
