1745695257429 0.7415176630020142 0
1745695265040 0.7403368949890137 1
1745695272344 0.7417128086090088 2
1745695280038 0.7418814897537231 3
1745695287723 0.7419534921646118 4
1745695295650 0.7426786422729492 5
1745695303649 0.7435539960861206 6
1745695311069 0.7423657774925232 7
1745695318458 0.7415282726287842 8
1745695325923 0.7420063614845276 9
1745695333386 0.74111008644104 10
1745695340823 0.740790843963623 11
1745695348597 0.7429702281951904 12
1745695356063 0.7424695491790771 13
1745695363510 0.7427769303321838 14
1745695370888 0.7431731224060059 15
1745695378472 0.742709755897522 16
1745695385756 0.7437264919281006 17
1745695393399 0.7410827875137329 18
1745695400871 0.7422592043876648 19
1745695408360 0.7402773499488831 20
1745695415793 0.7417124509811401 21
1745695423275 0.7421576380729675 22
1745695430692 0.7399962544441223 23
1745695438081 0.7417494058609009 24
