1745632152546 9.866414546966553 0
1745632162661 9.77456283569336 1
1745632172395 9.692035913467407 2
1745632182358 9.917465209960938 3
1745632191963 9.561172246932983 4
1745632202154 10.138120651245117 5
1745632212396 10.19129204750061 6
1745632222815 10.03159499168396 7
1745632233095 9.76223111152649 8
1745632242953 9.814159393310547 9
1745632253171 9.836520671844482 10
1745632263388 9.694074153900146 11
1745632273804 9.884844779968262 12
1745632284130 9.951919317245483 13
1745632294451 9.816710710525513 14
1745632304768 9.939280271530151 15
1745632314381 9.568516731262207 16
1745632324414 9.50035309791565 17
1745632334176 9.713911533355713 18
1745632344265 10.04082202911377 19
1745632354410 9.610323190689087 20
1745632364969 10.013617277145386 21
1745632374750 9.733558416366577 22
1745632384488 9.693466186523438 23
1745632394503 9.641207933425903 24
