1745632152546 0.0 0
1745632162661 1.0 1
1745632172395 2.0 2
1745632182358 3.0 3
1745632191963 4.0 4
1745632202154 5.0 5
1745632212396 6.0 6
1745632222815 7.0 7
1745632233095 8.0 8
1745632242953 9.0 9
1745632253171 10.0 10
1745632263388 11.0 11
1745632273804 12.0 12
1745632284130 13.0 13
1745632294451 14.0 14
1745632304768 15.0 15
1745632314381 16.0 16
1745632324414 17.0 17
1745632334176 18.0 18
1745632344265 19.0 19
1745632354410 20.0 20
1745632364969 21.0 21
1745632374750 22.0 22
1745632384488 23.0 23
1745632394503 24.0 24
