1745632152546 0.0011594854295253754 0
1745632162661 0.0019389218650758266 1
1745632172395 0.0067059011198580265 2
1745632182358 0.06121942400932312 3
1745632191963 0.19260185956954956 4
1745632202154 0.4735212028026581 5
1745632212396 0.9593687057495117 6
1745632222815 1.886014461517334 7
1745632233095 2.9811933040618896 8
1745632242953 5.074080944061279 9
1745632253171 7.99122953414917 10
1745632263388 12.012036323547363 11
1745632273804 19.17998695373535 12
1745632284130 29.826265335083008 13
1745632294451 42.9468994140625 14
1745632304768 62.04832458496094 15
1745632314381 79.69501495361328 16
1745632324414 89.15753173828125 17
1745632334176 96.50875854492188 18
1745632344265 103.78070831298828 19
1745632354410 111.53167724609375 20
1745632364969 126.64938354492188 21
1745632374750 126.59229278564453 22
1745632384488 144.33767700195312 23
1745632394503 152.52565002441406 24
