1745632152546 0.04935309663414955 0
1745632162661 0.04908426105976105 1
1745632172395 0.04887402802705765 2
1745632182358 0.04887677729129791 3
1745632191963 0.05338241159915924 4
1745632202154 0.07494797557592392 5
1745632212396 0.1042741984128952 6
1745632222815 0.13753530383110046 7
1745632233095 0.17437744140625 8
1745632242953 0.21575047075748444 9
1745632253171 0.26113951206207275 10
1745632263388 0.3088609278202057 11
1745632273804 0.36032137274742126 12
1745632284130 0.41602256894111633 13
1745632294451 0.4751794934272766 14
1745632304768 0.5350777506828308 15
1745632314381 0.5963549017906189 16
1745632324414 0.6513272523880005 17
1745632334176 0.6950411200523376 18
1745632344265 0.7234466671943665 19
1745632354410 0.7373124361038208 20
1745632364969 0.7370502948760986 21
1745632374750 0.7390877604484558 22
1745632384488 0.7397107481956482 23
1745632394503 0.740990400314331 24
