1745632152546 40.299949645996094 0
1745632162661 40.299949645996094 1
1745632172395 40.29994201660156 2
1745632182358 40.29945755004883 3
1745632191963 40.29890823364258 4
1745632202154 40.296958923339844 5
1745632212396 40.29037857055664 6
1745632222815 40.276123046875 7
1745632233095 40.26223373413086 8
1745632242953 40.211021423339844 9
1745632253171 40.18425750732422 10
1745632263388 40.12969207763672 11
1745632273804 40.044708251953125 12
1745632284130 39.920745849609375 13
1745632294451 39.507511138916016 14
1745632304768 39.2500114440918 15
1745632314381 39.412078857421875 16
1745632324414 38.69792938232422 17
1745632334176 38.65746307373047 18
1745632344265 38.37324905395508 19
1745632354410 38.2411994934082 20
1745632364969 38.085243225097656 21
1745632374750 37.47417449951172 22
1745632384488 37.03668212890625 23
1745632394503 36.55790328979492 24
