1745632152546 0.00546140456572175 0
1745632162661 -0.006888423580676317 1
1745632172395 0.011383458971977234 2
1745632182358 0.035767994821071625 3
1745632191963 0.017543978989124298 4
1745632202154 0.03438372164964676 5
1745632212396 0.12276408076286316 6
1745632222815 0.2502603530883789 7
1745632233095 0.3251980245113373 8
1745632242953 0.41159749031066895 9
1745632253171 0.44014066457748413 10
1745632263388 0.5001726150512695 11
1745632273804 0.5144204497337341 12
1745632284130 0.5230317115783691 13
1745632294451 0.5656394362449646 14
1745632304768 0.551306962966919 15
1745632314381 0.5863086581230164 16
1745632324414 0.5866010785102844 17
1745632334176 0.6057410836219788 18
1745632344265 0.5806723833084106 19
1745632354410 0.6009730100631714 20
1745632364969 0.6289362907409668 21
1745632374750 0.6140737533569336 22
1745632384488 0.6323588490486145 23
1745632394503 0.6519229412078857 24
