1745632152546 0.7470307350158691 0
1745632162661 0.7479533553123474 1
1745632172395 0.7470417022705078 2
1745632182358 0.7479704022407532 3
1745632191963 0.7464553117752075 4
1745632202154 0.7470047473907471 5
1745632212396 0.7477491497993469 6
1745632222815 0.7464902400970459 7
1745632233095 0.748196542263031 8
1745632242953 0.7477027773857117 9
1745632253171 0.7476651072502136 10
1745632263388 0.7463105320930481 11
1745632273804 0.7489081621170044 12
1745632284130 0.747833788394928 13
1745632294451 0.7455893754959106 14
1745632304768 0.7470136880874634 15
1745632314381 0.7479239702224731 16
1745632324414 0.7483255863189697 17
1745632334176 0.7480413913726807 18
1745632344265 0.7457308173179626 19
1745632354410 0.7486603260040283 20
1745632364969 0.7478969097137451 21
1745632374750 0.7487138509750366 22
1745632384488 0.7481154203414917 23
1745632394503 0.74715256690979 24
