4.4882e-01
3.8027e-01
4.7131e-01
4.1729e-01
4.4974e-01
3.9757e-01
4.4053e-01
4.5513e-01
4.2668e-01
4.5699e-01
4.5972e-01
3.1115e-01
4.0167e-01
4.1555e-01
3.7366e-01
4.3326e-01
4.4301e-01
4.1936e-01
4.1226e-01
4.1258e-01
4.0290e-01
4.6741e-01
3.3477e-01
4.7516e-01
4.0580e-01
4.2019e-01
4.2268e-01
4.5513e-01
4.5257e-01
4.0416e-01
3.0954e-01
4.1720e-01
4.2876e-01
4.5247e-01
4.0620e-01
4.1972e-01
4.5497e-01
4.1011e-01
4.5016e-01
4.2273e-01
4.5965e-01
4.4032e-01
4.7106e-01
4.3708e-01
4.3581e-01
4.3932e-01
4.6666e-01
4.2961e-01
4.2636e-01
4.0314e-01
4.5741e-01
3.5206e-01
4.8286e-01
3.9788e-01
4.5497e-01
4.5257e-01
4.2285e-01
4.2876e-01
4.3049e-01
4.5699e-01
4.4235e-01
4.0075e-01
4.3420e-01
4.3420e-01
4.1270e-01
3.8453e-01
3.7339e-01
4.0918e-01
4.4643e-01
4.2961e-01
4.0075e-01
4.6581e-01
4.7841e-01
3.5120e-01
4.2416e-01
4.2077e-01
4.6127e-01
4.2668e-01
3.5120e-01
4.8183e-01
4.4252e-01
4.2523e-01
4.1423e-01
3.3477e-01
4.2315e-01
4.3500e-01
4.2523e-01
4.4596e-01
4.4816e-01
4.7131e-01
4.4596e-01
4.5336e-01
4.5633e-01
4.2787e-01
4.6020e-01
4.4724e-01
3.3658e-01
4.8681e-01
4.1555e-01
4.4973e-01
4.0493e-01
4.2453e-01
4.4396e-01
4.4286e-01
4.3853e-01
4.5741e-01
4.5692e-01
4.2721e-01
4.1555e-01
4.4643e-01
4.0877e-01
4.2668e-01
4.1006e-01
4.6090e-01
4.2649e-01
3.8243e-01
4.5800e-01
4.5697e-01
4.1491e-01
4.6162e-01
4.2064e-01
4.1936e-01
4.5208e-01
4.8869e-01
4.2273e-01
4.6579e-01
4.4973e-01
3.8688e-01
4.0278e-01
4.1720e-01
4.4301e-01
4.2027e-01
4.4152e-01
3.9127e-01
4.8683e-01
4.5779e-01
4.2315e-01
4.3326e-01
4.5280e-01
4.1770e-01
3.1828e-01
4.3861e-01
4.2431e-01
4.0323e-01
4.2156e-01
4.5692e-01
4.1006e-01
4.0272e-01
4.3301e-01
4.5697e-01
4.0493e-01
4.1491e-01
4.2027e-01
4.3229e-01
4.0620e-01
4.5662e-01
4.2026e-01
4.2659e-01
3.3323e-01
3.9970e-01
4.3183e-01
4.8086e-01
4.8683e-01
4.0734e-01
3.8954e-01
4.0006e-01
3.8533e-01
4.0420e-01
4.0416e-01
3.3130e-01
4.0513e-01
4.1254e-01
3.3871e-01
4.0272e-01
4.5471e-01
4.3855e-01
4.0877e-01
4.6244e-01
4.5894e-01
4.4286e-01
3.0954e-01
4.5800e-01
4.6818e-01
4.1258e-01
4.6001e-01
3.8688e-01
3.7339e-01
3.8954e-01
4.3708e-01
4.0208e-01
3.9799e-01
4.5280e-01
4.6767e-01
3.1115e-01
4.0246e-01
4.4152e-01
4.2721e-01
4.2787e-01
4.5779e-01
4.2185e-01
4.3853e-01
4.2486e-01
2.1178e-01
4.2064e-01
4.6478e-01
4.4974e-01
4.2285e-01
4.4724e-01
4.6168e-01
4.4368e-01
4.1768e-01
4.1254e-01
4.3236e-01
4.0208e-01
4.7359e-01
4.3855e-01
4.4053e-01
4.2431e-01
4.5208e-01
4.6349e-01
4.5458e-01
3.9127e-01
4.8286e-01
4.2599e-01
4.0167e-01
4.1768e-01
4.6020e-01
4.3269e-01
4.6666e-01
4.2565e-01
4.3528e-01
4.3843e-01
4.3528e-01
4.4173e-01
4.6741e-01
4.1011e-01
4.8869e-01
4.2702e-01
3.9757e-01
4.4235e-01
4.4621e-01
4.2670e-01
4.5247e-01
4.1875e-01
4.8608e-01
4.5972e-01
3.3323e-01
4.6581e-01
4.0918e-01
4.3049e-01
4.2702e-01
4.7584e-01
4.4251e-01
4.4396e-01
4.3810e-01
4.3665e-01
4.0580e-01
4.2915e-01
4.1692e-01
4.1423e-01
4.6349e-01
3.5206e-01
4.3861e-01
3.7755e-01
4.3581e-01
4.3229e-01
3.7366e-01
4.2223e-01
4.0713e-01
4.8702e-01
4.3216e-01
4.2565e-01
4.2156e-01
4.3216e-01
2.1178e-01
4.1555e-01
3.9788e-01
4.0503e-01
4.6478e-01
4.1821e-01
4.4252e-01
4.6168e-01
4.0513e-01
4.2223e-01
3.3658e-01
4.0323e-01
4.1770e-01
4.2416e-01
4.1729e-01
3.9799e-01
4.2668e-01
4.6607e-01
4.4368e-01
4.2915e-01
4.2599e-01
4.1821e-01
3.7755e-01
4.8702e-01
4.0384e-01
4.0503e-01
4.0290e-01
4.0246e-01
4.5501e-01
4.7359e-01
3.8243e-01
4.3301e-01
4.0006e-01
4.2453e-01
4.2026e-01
4.5662e-01
4.3183e-01
4.4882e-01
4.5458e-01
4.4486e-01
4.2019e-01
4.5336e-01
4.1270e-01
3.1828e-01
4.0278e-01
4.4032e-01
4.0420e-01
4.2636e-01
4.8681e-01
4.1692e-01
4.2530e-01
4.4251e-01
4.5016e-01
4.6074e-01
4.1875e-01
4.3967e-01
4.3967e-01
4.6244e-01
4.0713e-01
