1745624738983 9.783122062683105 0
1745624749157 9.826986074447632 1
1745624758941 9.745697021484375 2
1745624768923 9.939382791519165 3
1745624778746 9.778045892715454 4
1745624788685 9.89054799079895 5
1745624798903 9.836731195449829 6
1745624809405 9.972168445587158 7
1745624819634 9.847633123397827 8
1745624829397 9.717693328857422 9
1745624839451 10.009927034378052 10
1745624849609 10.100629091262817 11
1745624859900 9.899551630020142 12
1745624869840 9.8934965133667 13
1745624879750 9.866143703460693 14
1745624889531 9.731805086135864 15
1745624899502 9.922270774841309 16
1745624909444 9.889691591262817 17
1745624919392 9.89802074432373 18
1745624929427 9.984513282775879 19
1745624939313 9.834214448928833 20
1745624949396 10.031183242797852 21
1745624959339 9.890294075012207 22
1745624969389 9.996867895126343 23
1745624979508 10.065041303634644 24
1745624989800 10.238349437713623 25
1745625000224 10.368193864822388 26
1745625011147 10.865993022918701 27
1745625021150 9.949004173278809 28
1745625031093 9.89042615890503 29
1745625041009 9.861019372940063 30
1745625050957 9.894527435302734 31
1745625060945 9.935045957565308 32
1745625071106 10.101958990097046 33
1745625081467 10.30500602722168 34
1745625091766 10.243926048278809 35
1745625101810 9.987571001052856 36
1745625111830 9.964254140853882 37
1745625122448 10.563406705856323 38
1745625132397 9.891444206237793 39
1745625142481 10.028485536575317 40
1745625152525 9.99017071723938 41
1745625162386 9.80877161026001 42
1745625172080 9.641371250152588 43
1745625181944 9.809942722320557 44
1745625191773 9.776753187179565 45
1745625201635 9.808357238769531 46
1745625211474 9.78268313407898 47
1745625221514 9.987962245941162 48
1745625231345 9.774648666381836 49
