1745624738983 0.0 0
1745624749157 1.0 1
1745624758941 2.0 2
1745624768923 3.0 3
1745624778746 4.0 4
1745624788685 5.0 5
1745624798903 6.0 6
1745624809405 7.0 7
1745624819634 8.0 8
1745624829397 9.0 9
1745624839451 10.0 10
1745624849609 11.0 11
1745624859900 12.0 12
1745624869840 13.0 13
1745624879750 14.0 14
1745624889531 15.0 15
1745624899502 16.0 16
1745624909444 17.0 17
1745624919392 18.0 18
1745624929427 19.0 19
1745624939313 20.0 20
1745624949396 21.0 21
1745624959339 22.0 22
1745624969389 23.0 23
1745624979508 24.0 24
1745624989800 25.0 25
1745625000224 26.0 26
1745625011147 27.0 27
1745625021150 28.0 28
1745625031093 29.0 29
1745625041009 30.0 30
1745625050957 31.0 31
1745625060945 32.0 32
1745625071106 33.0 33
1745625081467 34.0 34
1745625091766 35.0 35
1745625101810 36.0 36
1745625111830 37.0 37
1745625122448 38.0 38
1745625132397 39.0 39
1745625142481 40.0 40
1745625152525 41.0 41
1745625162386 42.0 42
1745625172080 43.0 43
1745625181944 44.0 44
1745625191773 45.0 45
1745625201635 46.0 46
1745625211474 47.0 47
1745625221514 48.0 48
1745625231345 49.0 49
