1745624738983 0.00021321151871234179 0
1745624749157 0.00036068394547328353 1
1745624758941 0.0006527320365421474 2
1745624768923 0.0016697432147338986 3
1745624778746 0.020863519981503487 4
1745624788685 0.32528212666511536 5
1745624798903 2.808642864227295 6
1745624809405 14.275238037109375 7
1745624819634 31.350296020507812 8
1745624829397 24.16465187072754 9
1745624839451 22.766578674316406 10
1745624849609 26.445226669311523 11
1745624859900 23.797964096069336 12
1745624869840 28.53424835205078 13
1745624879750 27.802623748779297 14
1745624889531 27.901945114135742 15
1745624899502 27.13413429260254 16
1745624909444 33.03954315185547 17
1745624919392 38.52891159057617 18
1745624929427 31.467899322509766 19
1745624939313 28.20098304748535 20
1745624949396 27.43724822998047 21
1745624959339 31.105552673339844 22
1745624969389 35.02898025512695 23
1745624979508 30.61808204650879 24
1745624989800 29.316696166992188 25
1745625000224 27.56210708618164 26
1745625011147 28.937362670898438 27
1745625021150 35.58533477783203 28
1745625031093 29.210033416748047 29
1745625041009 35.74519729614258 30
1745625050957 29.4210147857666 31
1745625060945 30.29887580871582 32
1745625071106 32.062862396240234 33
1745625081467 33.23878860473633 34
1745625091766 31.51380729675293 35
1745625101810 35.427955627441406 36
1745625111830 36.87742233276367 37
1745625122448 28.627927780151367 38
1745625132397 28.361623764038086 39
1745625142481 30.778404235839844 40
1745625152525 31.326101303100586 41
1745625162386 33.47858428955078 42
1745625172080 28.927663803100586 43
1745625181944 31.403793334960938 44
1745625191773 30.825651168823242 45
1745625201635 35.6009521484375 46
1745625211474 29.511301040649414 47
1745625221514 28.722810745239258 48
1745625231345 31.217180252075195 49
