1745624738983 0.03870176896452904 0
1745624749157 0.03787137567996979 1
1745624758941 0.037329137325286865 2
1745624768923 0.034949854016304016 3
1745624778746 0.03281613439321518 4
1745624788685 0.0656324028968811 5
1745624798903 0.2063993215560913 6
1745624809405 0.430296391248703 7
1745624819634 0.7067606449127197 8
1745624829397 0.769260048866272 9
1745624839451 0.7387495636940002 10
1745624849609 0.74847412109375 11
1745624859900 0.7476279735565186 12
1745624869840 0.7462965846061707 13
1745624879750 0.7500038146972656 14
1745624889531 0.74882972240448 15
1745624899502 0.7476029992103577 16
1745624909444 0.7532370090484619 17
1745624919392 0.7482866048812866 18
1745624929427 0.7436590194702148 19
1745624939313 0.7498974204063416 20
1745624949396 0.7485335469245911 21
1745624959339 0.7415851354598999 22
1745624969389 0.7660829424858093 23
1745624979508 0.7358319759368896 24
1745624989800 0.7520102262496948 25
1745625000224 0.7466431856155396 26
1745625011147 0.7505769729614258 27
1745625021150 0.7503264546394348 28
1745625031093 0.7437394261360168 29
1745625041009 0.7531378269195557 30
1745625050957 0.7438738942146301 31
1745625060945 0.7593975067138672 32
1745625071106 0.7455998659133911 33
1745625081467 0.7502700090408325 34
1745625091766 0.7452596426010132 35
1745625101810 0.749770998954773 36
1745625111830 0.7501785159111023 37
1745625122448 0.7519218921661377 38
1745625132397 0.7458650469779968 39
1745625142481 0.7492464184761047 40
1745625152525 0.7559221982955933 41
1745625162386 0.7486355304718018 42
1745625172080 0.7455508708953857 43
1745625181944 0.7485440969467163 44
1745625191773 0.7521176338195801 45
1745625201635 0.7470318675041199 46
1745625211474 0.7464588284492493 47
1745625221514 0.7526118755340576 48
1745625231345 0.7378071546554565 49
