1745624738983 7.550006866455078 0
1745624749157 7.55000638961792 1
1745624758941 7.550004959106445 2
1745624768923 7.549997806549072 3
1745624778746 7.549707412719727 4
1745624788685 7.541486740112305 5
1745624798903 7.496526718139648 6
1745624809405 7.367422580718994 7
1745624819634 7.108457565307617 8
1745624829397 6.935336589813232 9
1745624839451 6.870344161987305 10
1745624849609 7.091899394989014 11
1745624859900 6.389944076538086 12
1745624869840 6.461414813995361 13
1745624879750 5.818760871887207 14
1745624889531 6.084578990936279 15
1745624899502 6.211925983428955 16
1745624909444 6.184140205383301 17
1745624919392 6.216582298278809 18
1745624929427 5.82183837890625 19
1745624939313 5.152973651885986 20
1745624949396 6.121747016906738 21
1745624959339 5.641244411468506 22
1745624969389 5.993796348571777 23
1745624979508 5.364597797393799 24
1745624989800 5.459129810333252 25
1745625000224 6.072135925292969 26
1745625011147 5.827078819274902 27
1745625021150 5.411296367645264 28
1745625031093 5.608768939971924 29
1745625041009 5.255322456359863 30
1745625050957 5.953973293304443 31
1745625060945 6.626161575317383 32
1745625071106 5.378848075866699 33
1745625081467 5.415146350860596 34
1745625091766 5.544561862945557 35
1745625101810 5.2631049156188965 36
1745625111830 5.749191761016846 37
1745625122448 5.535869598388672 38
1745625132397 5.763674259185791 39
1745625142481 5.795879364013672 40
1745625152525 5.1228837966918945 41
1745625162386 5.302379608154297 42
1745625172080 5.794602394104004 43
1745625181944 5.944244384765625 44
1745625191773 5.487767696380615 45
1745625201635 5.363450527191162 46
1745625211474 5.315395832061768 47
1745625221514 5.036516189575195 48
1745625231345 6.275382041931152 49
