1745624738983 0.04186844453215599 0
1745624749157 -0.02167166769504547 1
1745624758941 -0.034594133496284485 2
1745624768923 -0.016375677660107613 3
1745624778746 -0.01311463676393032 4
1745624788685 0.03149458020925522 5
1745624798903 0.1809106022119522 6
1745624809405 0.3107978105545044 7
1745624819634 0.42016950249671936 8
1745624829397 0.43702763319015503 9
1745624839451 0.4583560526371002 10
1745624849609 0.5003260374069214 11
1745624859900 0.5422049760818481 12
1745624869840 0.562484085559845 13
1745624879750 0.5553228259086609 14
1745624889531 0.5569681525230408 15
1745624899502 0.5929091572761536 16
1745624909444 0.5718199014663696 17
1745624919392 0.5874507427215576 18
1745624929427 0.5579312443733215 19
1745624939313 0.5812357068061829 20
1745624949396 0.602122962474823 21
1745624959339 0.6134501099586487 22
1745624969389 0.6105122566223145 23
1745624979508 0.5768059492111206 24
1745624989800 0.6005328893661499 25
1745625000224 0.6126047968864441 26
1745625011147 0.5943305492401123 27
1745625021150 0.6354650259017944 28
1745625031093 0.6191114187240601 29
1745625041009 0.6113535761833191 30
1745625050957 0.6232826113700867 31
1745625060945 0.6192542314529419 32
1745625071106 0.6327210664749146 33
1745625081467 0.6114905476570129 34
1745625091766 0.619162917137146 35
1745625101810 0.6469804644584656 36
1745625111830 0.6077215671539307 37
1745625122448 0.6233101487159729 38
1745625132397 0.634514570236206 39
1745625142481 0.620724081993103 40
1745625152525 0.6392236351966858 41
1745625162386 0.6263209581375122 42
1745625172080 0.6368109583854675 43
1745625181944 0.614040732383728 44
1745625191773 0.6513316035270691 45
1745625201635 0.6401824355125427 46
1745625211474 0.640295147895813 47
1745625221514 0.6626322865486145 48
1745625231345 0.6386333107948303 49
