1745624738983 0.7490295171737671 0
1745624749157 0.7497358322143555 1
1745624758941 0.7489285469055176 2
1745624768923 0.7493098974227905 3
1745624778746 0.7493912577629089 4
1745624788685 0.7490400075912476 5
1745624798903 0.7486085295677185 6
1745624809405 0.7493302822113037 7
1745624819634 0.7501032948493958 8
1745624829397 0.7477774620056152 9
1745624839451 0.751461386680603 10
1745624849609 0.7489173412322998 11
1745624859900 0.750292181968689 12
1745624869840 0.7508583068847656 13
1745624879750 0.7469137907028198 14
1745624889531 0.7480824589729309 15
1745624899502 0.7491011619567871 16
1745624909444 0.7494188547134399 17
1745624919392 0.7489705085754395 18
1745624929427 0.7491915822029114 19
1745624939313 0.7480323910713196 20
1745624949396 0.7493963837623596 21
1745624959339 0.7494847774505615 22
1745624969389 0.7487227320671082 23
1745624979508 0.7474976778030396 24
1745624989800 0.7486506104469299 25
1745625000224 0.7500070333480835 26
1745625011147 0.7501505017280579 27
1745625021150 0.7472991943359375 28
1745625031093 0.7486652731895447 29
1745625041009 0.7487314939498901 30
1745625050957 0.7489627599716187 31
1745625060945 0.7500572800636292 32
1745625071106 0.74906986951828 33
1745625081467 0.7503707408905029 34
1745625091766 0.7483299970626831 35
1745625101810 0.7473821043968201 36
1745625111830 0.7500173449516296 37
1745625122448 0.749636709690094 38
1745625132397 0.751029372215271 39
1745625142481 0.7504749298095703 40
1745625152525 0.7486724853515625 41
1745625162386 0.7499004602432251 42
1745625172080 0.747761070728302 43
1745625181944 0.7484672665596008 44
1745625191773 0.7486072182655334 45
1745625201635 0.7496048808097839 46
1745625211474 0.7485020160675049 47
1745625221514 0.7488855123519897 48
1745625231345 0.7477816939353943 49
