1745679227861 7.048357725143433 0
1745679235312 7.008900165557861 1
1745679242627 7.280453443527222 2
1745679250055 7.392345190048218 3
1745679257314 7.223050355911255 4
1745679264716 7.365262031555176 5
1745679272106 7.351954221725464 6
1745679279761 7.3560614585876465 7
1745679287503 7.3184661865234375 8
1745679295262 7.461972951889038 9
1745679302930 7.228381633758545 10
1745679310531 7.30885910987854 11
1745679318376 7.400249004364014 12
1745679326139 7.342811346054077 13
1745679333316 7.139727830886841 14
1745679340887 7.53484845161438 15
1745679348200 7.27368950843811 16
1745679355769 7.25659966468811 17
1745679362918 7.113292217254639 18
1745679370506 7.1599462032318115 19
1745679378260 7.3259968757629395 20
1745679385597 7.303419589996338 21
1745679393139 7.240309476852417 22
1745679400374 7.199048042297363 23
1745679407702 7.292954683303833 24
