1745679227861 0.0 0
1745679235312 1.0 1
1745679242627 2.0 2
1745679250055 3.0 3
1745679257314 4.0 4
1745679264716 5.0 5
1745679272106 6.0 6
1745679279761 7.0 7
1745679287503 8.0 8
1745679295262 9.0 9
1745679302930 10.0 10
1745679310531 11.0 11
1745679318376 12.0 12
1745679326139 13.0 13
1745679333316 14.0 14
1745679340887 15.0 15
1745679348200 16.0 16
1745679355769 17.0 17
1745679362918 18.0 18
1745679370506 19.0 19
1745679378260 20.0 20
1745679385597 21.0 21
1745679393139 22.0 22
1745679400374 23.0 23
1745679407702 24.0 24
