1745679227861 0.001286759739741683 0
1745679235312 0.001992429606616497 1
1745679242627 0.0021360479295253754 2
1745679250055 0.004686586558818817 3
1745679257314 0.03154090791940689 4
1745679264716 0.12870517373085022 5
1745679272106 0.3004986345767975 6
1745679279761 0.646514356136322 7
1745679287503 1.3600236177444458 8
1745679295262 2.5436553955078125 9
1745679302930 3.81210994720459 10
1745679310531 6.481684684753418 11
1745679318376 10.103525161743164 12
1745679326139 16.28927993774414 13
1745679333316 23.667755126953125 14
1745679340887 38.16248321533203 15
1745679348200 48.93087387084961 16
1745679355769 73.68190002441406 17
1745679362918 91.30441284179688 18
1745679370506 96.96548461914062 19
1745679378260 112.88184356689453 20
1745679385597 129.22718811035156 21
1745679393139 133.1230926513672 22
1745679400374 145.85398864746094 23
1745679407702 146.40725708007812 24
