1745679227861 0.06470443308353424 0
1745679235312 0.06391599774360657 1
1745679242627 0.06355606019496918 2
1745679250055 0.0632629543542862 3
1745679257314 0.06280902028083801 4
1745679264716 0.06069418787956238 5
1745679272106 0.06795306503772736 6
1745679279761 0.09417376667261124 7
1745679287503 0.1273522973060608 8
1745679295262 0.16481703519821167 9
1745679302930 0.2054809033870697 10
1745679310531 0.24927450716495514 11
1745679318376 0.2975985109806061 12
1745679326139 0.35027000308036804 13
1745679333316 0.4066236615180969 14
1745679340887 0.46420982480049133 15
1745679348200 0.5257149338722229 16
1745679355769 0.5859283208847046 17
1745679362918 0.6439697742462158 18
1745679370506 0.6952507495880127 19
1745679378260 0.7261401414871216 20
1745679385597 0.7399953007698059 21
1745679393139 0.7433110475540161 22
1745679400374 0.7436091899871826 23
1745679407702 0.7494741082191467 24
