1745679227861 40.299949645996094 0
1745679235312 40.299949645996094 1
1745679242627 40.299949645996094 2
1745679250055 40.2999382019043 3
1745679257314 40.299766540527344 4
1745679264716 40.298805236816406 5
1745679272106 40.297542572021484 6
1745679279761 40.288055419921875 7
1745679287503 40.285072326660156 8
1745679295262 40.2663688659668 9
1745679302930 40.25870895385742 10
1745679310531 40.219966888427734 11
1745679318376 40.12626647949219 12
1745679326139 40.043697357177734 13
1745679333316 40.1075325012207 14
1745679340887 39.360050201416016 15
1745679348200 39.50975799560547 16
1745679355769 39.24884033203125 17
1745679362918 39.220428466796875 18
1745679370506 38.170310974121094 19
1745679378260 37.83127212524414 20
1745679385597 37.851829528808594 21
1745679393139 37.14162063598633 22
1745679400374 36.74349594116211 23
1745679407702 36.55205154418945 24
