1745679227861 0.011144892312586308 0
1745679235312 0.009876594878733158 1
1745679242627 -0.03138313069939613 2
1745679250055 0.015270926058292389 3
1745679257314 -0.02752249874174595 4
1745679264716 0.043895408511161804 5
1745679272106 -0.0054390402510762215 6
1745679279761 0.09693968296051025 7
1745679287503 0.16619525849819183 8
1745679295262 0.28906187415122986 9
1745679302930 0.3563748300075531 10
1745679310531 0.4013462960720062 11
1745679318376 0.4575234353542328 12
1745679326139 0.4759400188922882 13
1745679333316 0.4647309184074402 14
1745679340887 0.5350332856178284 15
1745679348200 0.5058602094650269 16
1745679355769 0.5308466553688049 17
1745679362918 0.5452752113342285 18
1745679370506 0.565278172492981 19
1745679378260 0.5504875183105469 20
1745679385597 0.5863949060440063 21
1745679393139 0.5997911691665649 22
1745679400374 0.6048855185508728 23
1745679407702 0.6168741583824158 24
