1745679227861 0.7506970167160034 0
1745679235312 0.751052975654602 1
1745679242627 0.7507809400558472 2
1745679250055 0.7509436011314392 3
1745679257314 0.7518014311790466 4
1745679264716 0.7514597177505493 5
1745679272106 0.7515381574630737 6
1745679279761 0.7509154081344604 7
1745679287503 0.7508571743965149 8
1745679295262 0.7501514554023743 9
1745679302930 0.751859724521637 10
1745679310531 0.7518261671066284 11
1745679318376 0.7507772445678711 12
1745679326139 0.7495437264442444 13
1745679333316 0.7507466673851013 14
1745679340887 0.751235842704773 15
1745679348200 0.7510378956794739 16
1745679355769 0.7516129612922668 17
1745679362918 0.7508693337440491 18
1745679370506 0.7502201795578003 19
1745679378260 0.7503638863563538 20
1745679385597 0.7522017359733582 21
1745679393139 0.7513439655303955 22
1745679400374 0.7512221336364746 23
1745679407702 0.7518538236618042 24
