9.2399e-01
6.2532e-01
8.6365e-01
6.8531e-01
8.9244e-01
6.7575e-01
9.1458e-01
7.5535e-01
7.4177e-01
9.4052e-01
9.2272e-01
8.4107e-01
5.6902e-01
7.5064e-01
4.2446e-01
7.7394e-01
8.1366e-01
6.6158e-01
6.8067e-01
6.4886e-01
6.7264e-01
9.2995e-01
4.2433e-01
9.3978e-01
7.1517e-01
9.3601e-01
9.0349e-01
7.5535e-01
8.6988e-01
6.0041e-01
1.9470e-01
6.7488e-01
9.3699e-01
8.4346e-01
7.3007e-01
6.4377e-01
9.0050e-01
5.3952e-01
9.3295e-01
7.2480e-01
9.0148e-01
9.1203e-01
9.2352e-01
8.4582e-01
7.7155e-01
9.4356e-01
9.3782e-01
8.2321e-01
8.6934e-01
6.8394e-01
9.2878e-01
4.7761e-01
9.2246e-01
7.6125e-01
9.0050e-01
8.6988e-01
7.1639e-01
9.3699e-01
7.3367e-01
9.4052e-01
8.5010e-01
5.2410e-01
6.9916e-01
6.9916e-01
7.8099e-01
8.6907e-01
8.0258e-01
6.0532e-01
9.3905e-01
8.2321e-01
5.2410e-01
8.0908e-01
9.3437e-01
4.2233e-01
8.7304e-01
6.5441e-01
9.3640e-01
7.4177e-01
4.2233e-01
9.5725e-01
7.3868e-01
7.2656e-01
5.6723e-01
4.2433e-01
7.2037e-01
9.0910e-01
7.2656e-01
9.0196e-01
6.0941e-01
8.6365e-01
9.0196e-01
9.1364e-01
8.8661e-01
8.3643e-01
7.5709e-01
7.8628e-01
4.9186e-01
9.4805e-01
6.8792e-01
7.9863e-01
6.8209e-01
7.4438e-01
7.5065e-01
7.9238e-01
8.0838e-01
9.2878e-01
8.4766e-01
7.7052e-01
6.8792e-01
9.3905e-01
6.5201e-01
8.7719e-01
7.3313e-01
9.4703e-01
8.6908e-01
5.7278e-01
8.6577e-01
9.2258e-01
8.3308e-01
8.9138e-01
7.1589e-01
6.6158e-01
9.1263e-01
9.6083e-01
7.2480e-01
9.1652e-01
7.9863e-01
6.7260e-01
8.0310e-01
6.7488e-01
8.1366e-01
7.3907e-01
7.5588e-01
6.7646e-01
9.1213e-01
9.5902e-01
7.2037e-01
7.7394e-01
8.8427e-01
8.7298e-01
7.0103e-01
8.9061e-01
7.4204e-01
6.0553e-01
8.8743e-01
8.4766e-01
7.3313e-01
8.8239e-01
4.4006e-01
9.2258e-01
6.8209e-01
8.3308e-01
7.3907e-01
7.1580e-01
7.3007e-01
9.2733e-01
8.0907e-01
8.5708e-01
2.9923e-01
6.7279e-01
9.5300e-01
9.4305e-01
9.1213e-01
6.3910e-01
5.5779e-01
6.3252e-01
4.9516e-01
7.2702e-01
6.0041e-01
5.2384e-01
6.9706e-01
4.7189e-01
2.3470e-01
8.8239e-01
8.1367e-01
8.5490e-01
6.5201e-01
8.4811e-01
7.5141e-01
7.9238e-01
1.9470e-01
8.6577e-01
9.2427e-01
6.4886e-01
8.8018e-01
6.7260e-01
8.0258e-01
5.5779e-01
8.4582e-01
6.2267e-01
6.2262e-01
8.8427e-01
9.5828e-01
8.4107e-01
5.9755e-01
7.5588e-01
7.7052e-01
8.3643e-01
9.5902e-01
6.6318e-01
8.0838e-01
6.7891e-01
5.6384e-01
7.1589e-01
9.1092e-01
8.9244e-01
7.1639e-01
7.8628e-01
9.1258e-01
6.2279e-01
8.7745e-01
4.7189e-01
8.1635e-01
6.2267e-01
4.5369e-01
8.5490e-01
9.1458e-01
7.4204e-01
9.1263e-01
4.1934e-01
8.5847e-01
6.7646e-01
9.2246e-01
9.1690e-01
5.6902e-01
8.7745e-01
7.5709e-01
8.5064e-01
9.3782e-01
6.7469e-01
8.4870e-01
8.6758e-01
8.4870e-01
6.7256e-01
9.2995e-01
5.3952e-01
9.6083e-01
7.5810e-01
6.7575e-01
8.5010e-01
9.1338e-01
5.1174e-01
8.4346e-01
8.3229e-01
9.4217e-01
9.2272e-01
2.9923e-01
8.0908e-01
6.0532e-01
7.3367e-01
7.5810e-01
9.3735e-01
8.8315e-01
7.5065e-01
7.4332e-01
9.0664e-01
7.1517e-01
8.9075e-01
6.3426e-01
5.6723e-01
4.1934e-01
4.7761e-01
8.9061e-01
7.5873e-01
7.7155e-01
7.1580e-01
4.2446e-01
6.7490e-01
9.1439e-01
9.5358e-01
5.8535e-01
6.7469e-01
8.8743e-01
5.8535e-01
5.6384e-01
7.5064e-01
7.6125e-01
6.2881e-01
9.1092e-01
9.4434e-01
7.3868e-01
9.1258e-01
6.9706e-01
6.7490e-01
4.9186e-01
6.0553e-01
8.7298e-01
8.7304e-01
6.8531e-01
6.2262e-01
8.7719e-01
9.2874e-01
6.2279e-01
8.9075e-01
9.1690e-01
9.4434e-01
7.5873e-01
9.5358e-01
8.4907e-01
6.2881e-01
6.7264e-01
5.9755e-01
9.3940e-01
4.5369e-01
5.7278e-01
4.4006e-01
6.3252e-01
7.4438e-01
8.0907e-01
9.2733e-01
9.5300e-01
9.2399e-01
8.5847e-01
7.5616e-01
9.3601e-01
9.1364e-01
7.8099e-01
7.0103e-01
8.0310e-01
9.1203e-01
7.2702e-01
8.6934e-01
9.4805e-01
6.3426e-01
9.5378e-01
8.8315e-01
9.3295e-01
8.4463e-01
8.3229e-01
8.1474e-01
8.1474e-01
8.4811e-01
9.1439e-01
