1745682751137 7.674998044967651 0
1745682759382 7.775370359420776 1
1745682767213 7.792576551437378 2
1745682774993 7.742145776748657 3
1745682783424 7.916993141174316 4
1745682791691 7.9497504234313965 5
1745682800291 8.095644235610962 6
1745682808061 7.729989051818848 7
1745682816186 8.083400249481201 8
1745682824230 7.999984502792358 9
1745682832717 7.968307018280029 10
1745682840656 7.897657155990601 11
1745682848761 8.061769247055054 12
1745682856835 8.028477668762207 13
1745682865411 8.057144165039062 14
1745682873147 7.689311742782593 15
1745682881633 7.944921255111694 16
1745682889585 7.90940260887146 17
1745682897711 8.084018468856812 18
1745682905840 8.084267139434814 19
1745682913922 8.03460144996643 20
1745682922087 8.118371486663818 21
1745682930654 8.058403253555298 22
1745682938496 7.79954981803894 23
1745682946702 8.159841060638428 24
1745682954763 8.015973091125488 25
1745682963003 8.191407680511475 26
1745682971120 8.071395874023438 27
1745682979271 8.102595090866089 28
1745682987458 8.137807846069336 29
1745682995700 8.192245960235596 30
1745683003932 8.184074878692627 31
1745683012091 8.10758090019226 32
1745683020017 7.8752827644348145 33
1745683028162 8.092655897140503 34
1745683036342 8.12864637374878 35
1745683044515 8.120182752609253 36
1745683052842 8.275216817855835 37
1745683061149 8.254387140274048 38
1745683069284 8.08365273475647 39
1745683077604 8.268851518630981 40
1745683085746 8.091289043426514 41
1745683093876 8.077372789382935 42
1745683101819 7.8924524784088135 43
1745683110067 8.194838762283325 44
1745683118178 8.061049938201904 45
1745683126382 8.152659893035889 46
1745683134597 8.163268804550171 47
1745683142762 8.110875368118286 48
1745683150935 8.120572090148926 49
