1745682751137 0.0 0
1745682759382 1.0 1
1745682767213 2.0 2
1745682774993 3.0 3
1745682783424 4.0 4
1745682791691 5.0 5
1745682800291 6.0 6
1745682808061 7.0 7
1745682816186 8.0 8
1745682824230 9.0 9
1745682832717 10.0 10
1745682840656 11.0 11
1745682848761 12.0 12
1745682856835 13.0 13
1745682865411 14.0 14
1745682873147 15.0 15
1745682881633 16.0 16
1745682889585 17.0 17
1745682897711 18.0 18
1745682905840 19.0 19
1745682913922 20.0 20
1745682922087 21.0 21
1745682930654 22.0 22
1745682938496 23.0 23
1745682946702 24.0 24
1745682954763 25.0 25
1745682963003 26.0 26
1745682971120 27.0 27
1745682979271 28.0 28
1745682987458 29.0 29
1745682995700 30.0 30
1745683003932 31.0 31
1745683012091 32.0 32
1745683020017 33.0 33
1745683028162 34.0 34
1745683036342 35.0 35
1745683044515 36.0 36
1745683052842 37.0 37
1745683061149 38.0 38
1745683069284 39.0 39
1745683077604 40.0 40
1745683085746 41.0 41
1745683093876 42.0 42
1745683101819 43.0 43
1745683110067 44.0 44
1745683118178 45.0 45
1745683126382 46.0 46
1745683134597 47.0 47
1745683142762 48.0 48
1745683150935 49.0 49
