1745682751137 0.00028597304481081665 0
1745682759382 0.00118648714851588 1
1745682767213 0.3824044466018677 2
1745682774993 6.2711968421936035 3
1745682783424 23.948564529418945 4
1745682791691 24.686756134033203 5
1745682800291 19.51077651977539 6
1745682808061 24.243328094482422 7
1745682816186 19.094411849975586 8
1745682824230 20.799785614013672 9
1745682832717 20.759864807128906 10
1745682840656 23.596040725708008 11
1745682848761 24.55516242980957 12
1745682856835 24.39153289794922 13
1745682865411 21.497220993041992 14
1745682873147 20.9216365814209 15
1745682881633 22.463624954223633 16
1745682889585 20.042268753051758 17
1745682897711 19.24840545654297 18
1745682905840 20.96871566772461 19
1745682913922 20.300865173339844 20
1745682922087 19.503679275512695 21
1745682930654 21.607479095458984 22
1745682938496 20.095142364501953 23
1745682946702 18.123794555664062 24
1745682954763 18.364641189575195 25
1745682963003 17.894287109375 26
1745682971120 19.011125564575195 27
1745682979271 22.504365921020508 28
1745682987458 18.3799991607666 29
1745682995700 17.117706298828125 30
1745683003932 19.042814254760742 31
1745683012091 21.711755752563477 32
1745683020017 20.30473518371582 33
1745683028162 18.683740615844727 34
1745683036342 19.47854232788086 35
1745683044515 18.0563907623291 36
1745683052842 18.276599884033203 37
1745683061149 19.143375396728516 38
1745683069284 18.591428756713867 39
1745683077604 17.81513214111328 40
1745683085746 17.251323699951172 41
1745683093876 21.31982421875 42
1745683101819 18.23282814025879 43
1745683110067 17.99154281616211 44
1745683118178 23.633853912353516 45
1745683126382 19.80520248413086 46
1745683134597 18.856382369995117 47
1745683142762 17.59532928466797 48
1745683150935 16.73603057861328 49
