1745682751137 -0.07079659402370453 0
1745682759382 -0.05814289301633835 1
1745682767213 0.005562016740441322 2
1745682774993 0.24941690266132355 3
1745682783424 0.6951562762260437 4
1745682791691 0.7504265904426575 5
1745682800291 0.7508159875869751 6
1745682808061 0.7455459833145142 7
1745682816186 0.7477487325668335 8
1745682824230 0.7396884560585022 9
1745682832717 0.7419398427009583 10
1745682840656 0.7520219087600708 11
1745682848761 0.7489600777626038 12
1745682856835 0.7399057745933533 13
1745682865411 0.7498060464859009 14
1745682873147 0.7385839223861694 15
1745682881633 0.7533186078071594 16
1745682889585 0.7342097163200378 17
1745682897711 0.7546764016151428 18
1745682905840 0.7450392246246338 19
1745682913922 0.7518093585968018 20
1745682922087 0.740783154964447 21
1745682930654 0.7418320775032043 22
1745682938496 0.7497968673706055 23
1745682946702 0.7426930069923401 24
1745682954763 0.7448501586914062 25
1745682963003 0.7507800459861755 26
1745682971120 0.7457841038703918 27
1745682979271 0.7412159442901611 28
1745682987458 0.7485392689704895 29
1745682995700 0.7425196170806885 30
1745683003932 0.7499763369560242 31
1745683012091 0.7514393329620361 32
1745683020017 0.7454521656036377 33
1745683028162 0.7374218106269836 34
1745683036342 0.7473814487457275 35
1745683044515 0.7539281249046326 36
1745683052842 0.7410677075386047 37
1745683061149 0.7439192533493042 38
1745683069284 0.7551769018173218 39
1745683077604 0.7439022064208984 40
1745683085746 0.7452755570411682 41
1745683093876 0.7558013796806335 42
1745683101819 0.7356991171836853 43
1745683110067 0.7500147819519043 44
1745683118178 0.7452880144119263 45
1745683126382 0.7449629902839661 46
1745683134597 0.7429673075675964 47
1745683142762 0.7484509944915771 48
1745683150935 0.7465997934341431 49
