1745682751137 7.550006866455078 0
1745682759382 7.550003528594971 1
1745682767213 7.547880172729492 2
1745682774993 7.391391754150391 3
1745682783424 7.434632778167725 4
1745682791691 7.024238586425781 5
1745682800291 6.599616050720215 6
1745682808061 6.390896797180176 7
1745682816186 6.246917247772217 8
1745682824230 6.4593658447265625 9
1745682832717 6.116957187652588 10
1745682840656 5.818617820739746 11
1745682848761 5.206074237823486 12
1745682856835 5.9548420906066895 13
1745682865411 5.510333061218262 14
1745682873147 6.069731712341309 15
1745682881633 5.854340553283691 16
1745682889585 5.152831077575684 17
1745682897711 5.619913578033447 18
1745682905840 5.709739685058594 19
1745682913922 5.877200603485107 20
1745682922087 5.284736633300781 21
1745682930654 6.283131122589111 22
1745682938496 5.5728936195373535 23
1745682946702 5.545820713043213 24
1745682954763 5.837981224060059 25
1745682963003 5.366520404815674 26
1745682971120 5.529477119445801 27
1745682979271 5.558050632476807 28
1745682987458 6.162992000579834 29
1745682995700 5.581780433654785 30
1745683003932 5.63258171081543 31
1745683012091 5.323443412780762 32
1745683020017 5.847039699554443 33
1745683028162 5.60886812210083 34
1745683036342 5.570777893066406 35
1745683044515 5.177578926086426 36
1745683052842 5.389185905456543 37
1745683061149 5.612771987915039 38
1745683069284 4.989598274230957 39
1745683077604 5.714983940124512 40
1745683085746 4.988754749298096 41
1745683093876 5.367992401123047 42
1745683101819 5.3258748054504395 43
1745683110067 5.803458213806152 44
1745683118178 5.074239253997803 45
1745683126382 5.81577730178833 46
1745683134597 5.29727029800415 47
1745683142762 5.404295921325684 48
1745683150935 5.283319473266602 49
