1745682751137 -0.0008546400931663811 0
1745682759382 0.008760928176343441 1
1745682767213 0.041478853672742844 2
1745682774993 0.18105937540531158 3
1745682783424 0.3170018196105957 4
1745682791691 0.385247141122818 5
1745682800291 0.48696890473365784 6
1745682808061 0.4890095591545105 7
1745682816186 0.5066484808921814 8
1745682824230 0.5097212791442871 9
1745682832717 0.5430267453193665 10
1745682840656 0.5459737777709961 11
1745682848761 0.5586861371994019 12
1745682856835 0.5434027910232544 13
1745682865411 0.5614293813705444 14
1745682873147 0.5521571636199951 15
1745682881633 0.5817301273345947 16
1745682889585 0.5516713857650757 17
1745682897711 0.573795735836029 18
1745682905840 0.5959784388542175 19
1745682913922 0.582112729549408 20
1745682922087 0.5683069229125977 21
1745682930654 0.5886969566345215 22
1745682938496 0.59727942943573 23
1745682946702 0.6104492545127869 24
1745682954763 0.5985426306724548 25
1745682963003 0.6041252017021179 26
1745682971120 0.6063096523284912 27
1745682979271 0.6178337931632996 28
1745682987458 0.620502233505249 29
1745682995700 0.6319794058799744 30
1745683003932 0.6087520718574524 31
1745683012091 0.6190594434738159 32
1745683020017 0.6039603352546692 33
1745683028162 0.6127086877822876 34
1745683036342 0.6033941507339478 35
1745683044515 0.6075301766395569 36
1745683052842 0.6090753078460693 37
1745683061149 0.6306399703025818 38
1745683069284 0.6242072582244873 39
1745683077604 0.6026522517204285 40
1745683085746 0.6562590003013611 41
1745683093876 0.6449804902076721 42
1745683101819 0.6536933183670044 43
1745683110067 0.6338417530059814 44
1745683118178 0.643928587436676 45
1745683126382 0.6453156471252441 46
1745683134597 0.6446012854576111 47
1745683142762 0.6434037685394287 48
1745683150935 0.6578288674354553 49
