1745682751137 0.7463692426681519 0
1745682759382 0.7480329275131226 1
1745682767213 0.7464249730110168 2
1745682774993 0.7453596591949463 3
1745682783424 0.7449448704719543 4
1745682791691 0.7470858693122864 5
1745682800291 0.7434423565864563 6
1745682808061 0.745230495929718 7
1745682816186 0.747275173664093 8
1745682824230 0.745574951171875 9
1745682832717 0.7447382211685181 10
1745682840656 0.7459276914596558 11
1745682848761 0.7460915446281433 12
1745682856835 0.7460353374481201 13
1745682865411 0.7457656264305115 14
1745682873147 0.7440699934959412 15
1745682881633 0.747829794883728 16
1745682889585 0.7445761561393738 17
1745682897711 0.7478590607643127 18
1745682905840 0.7447798848152161 19
1745682913922 0.7456119060516357 20
1745682922087 0.7466179132461548 21
1745682930654 0.7460920214653015 22
1745682938496 0.7469572424888611 23
1745682946702 0.7457861304283142 24
1745682954763 0.7477129697799683 25
1745682963003 0.7452312707901001 26
1745682971120 0.7476375102996826 27
1745682979271 0.7460196018218994 28
1745682987458 0.746630072593689 29
1745682995700 0.7475312948226929 30
1745683003932 0.7454506754875183 31
1745683012091 0.7463029623031616 32
1745683020017 0.7463773488998413 33
1745683028162 0.7461063265800476 34
1745683036342 0.7455686926841736 35
1745683044515 0.7473621964454651 36
1745683052842 0.7463458776473999 37
1745683061149 0.7475118637084961 38
1745683069284 0.7456448078155518 39
1745683077604 0.7458826303482056 40
1745683085746 0.7478282451629639 41
1745683093876 0.7462180852890015 42
1745683101819 0.7455880045890808 43
1745683110067 0.7486134767532349 44
1745683118178 0.7435885071754456 45
1745683126382 0.7455170154571533 46
1745683134597 0.7450441122055054 47
1745683142762 0.7474303841590881 48
1745683150935 0.7461321949958801 49
