9.0475e-01
5.9576e-01
9.2064e-01
7.7630e-01
1.0098e+00
5.8181e-01
9.5117e-01
7.6747e-01
8.1847e-01
7.9159e-01
1.0070e+00
5.5447e-01
6.0997e-01
6.3817e-01
5.7770e-01
5.8903e-01
6.1259e-01
5.5894e-01
4.7545e-01
5.7112e-01
5.1652e-01
9.5886e-01
6.2326e-01
1.0271e+00
6.2378e-01
8.0931e-01
8.7948e-01
7.6747e-01
9.5752e-01
5.3022e-01
4.1460e-01
7.0052e-01
7.6806e-01
6.8201e-01
6.0426e-01
6.0914e-01
7.7621e-01
5.5464e-01
8.2134e-01
5.5821e-01
9.8142e-01
7.2205e-01
1.0057e+00
7.2095e-01
6.9148e-01
9.8021e-01
9.2627e-01
6.5643e-01
8.5249e-01
7.0329e-01
7.6339e-01
6.8930e-01
1.0148e+00
7.0855e-01
7.7621e-01
9.5752e-01
6.2686e-01
7.6806e-01
6.1701e-01
7.9159e-01
7.2918e-01
6.2286e-01
8.3055e-01
8.3055e-01
7.9217e-01
8.4920e-01
5.1093e-01
4.8462e-01
8.5113e-01
6.5643e-01
6.2286e-01
9.7949e-01
1.0062e+00
8.0430e-01
8.5675e-01
6.3843e-01
1.0221e+00
8.1847e-01
8.0430e-01
1.0276e+00
6.5403e-01
6.4126e-01
8.2687e-01
6.2326e-01
9.8542e-01
7.9886e-01
6.4126e-01
8.4770e-01
7.8001e-01
9.2064e-01
8.4770e-01
9.9350e-01
9.7240e-01
7.7103e-01
8.3049e-01
7.1368e-01
5.0493e-01
1.0270e+00
7.3662e-01
8.0421e-01
6.1890e-01
7.3361e-01
8.6124e-01
9.1105e-01
8.8695e-01
7.6339e-01
7.4173e-01
7.3228e-01
7.3662e-01
8.5113e-01
5.6321e-01
6.8940e-01
6.3991e-01
1.0166e+00
6.9596e-01
4.8944e-01
7.2307e-01
9.1970e-01
8.5457e-01
9.9111e-01
7.1116e-01
5.5894e-01
7.4237e-01
1.0271e+00
5.5821e-01
8.4887e-01
8.0421e-01
7.3971e-01
6.7585e-01
7.0052e-01
6.1259e-01
6.9313e-01
9.5110e-01
5.1846e-01
1.0231e+00
9.4220e-01
9.8542e-01
5.8903e-01
9.8641e-01
8.6996e-01
6.1114e-01
9.8869e-01
7.8123e-01
6.9100e-01
9.7698e-01
7.4173e-01
6.3991e-01
7.3174e-01
8.2553e-01
9.1970e-01
6.1890e-01
8.5457e-01
6.9313e-01
6.2753e-01
6.0426e-01
8.7088e-01
7.7024e-01
6.7517e-01
4.7018e-01
6.5215e-01
9.3149e-01
1.0248e+00
1.0231e+00
4.9198e-01
6.0164e-01
6.0567e-01
5.9436e-01
6.7907e-01
5.3022e-01
6.6695e-01
6.0067e-01
5.7004e-01
5.9701e-01
7.3174e-01
8.9834e-01
8.1948e-01
5.6321e-01
8.2987e-01
7.9112e-01
9.1105e-01
4.1460e-01
7.2307e-01
1.0177e+00
5.7112e-01
8.4783e-01
7.3971e-01
5.1093e-01
6.0164e-01
7.2095e-01
5.9954e-01
6.2238e-01
9.8641e-01
9.3843e-01
5.5447e-01
5.4611e-01
9.5110e-01
7.3228e-01
7.7103e-01
9.4220e-01
6.5002e-01
8.8695e-01
6.5088e-01
8.8599e-01
7.1116e-01
9.8337e-01
1.0098e+00
6.2686e-01
7.1368e-01
1.0143e+00
7.8878e-01
6.5634e-01
5.7004e-01
8.6485e-01
5.9954e-01
9.9706e-01
8.1948e-01
9.5117e-01
7.8123e-01
7.4237e-01
7.2996e-01
9.5625e-01
5.1846e-01
1.0148e+00
8.1347e-01
6.0997e-01
6.5634e-01
8.3049e-01
7.3372e-01
9.2627e-01
7.9116e-01
8.3282e-01
8.4041e-01
8.3282e-01
6.4896e-01
9.5886e-01
5.5464e-01
1.0271e+00
7.0206e-01
5.8181e-01
7.2918e-01
8.7671e-01
5.5118e-01
6.8201e-01
7.3059e-01
1.0169e+00
1.0070e+00
4.7018e-01
9.7949e-01
4.8462e-01
6.1701e-01
7.0206e-01
9.9243e-01
6.2277e-01
8.6124e-01
6.1268e-01
8.3372e-01
6.2378e-01
9.6183e-01
8.0405e-01
8.2687e-01
7.2996e-01
6.8930e-01
9.8869e-01
6.9739e-01
6.9148e-01
6.2753e-01
5.7770e-01
5.2004e-01
9.3241e-01
1.0269e+00
9.8779e-01
7.9116e-01
9.7698e-01
9.8779e-01
8.8599e-01
6.3817e-01
7.0855e-01
6.0394e-01
9.8337e-01
9.0963e-01
6.5403e-01
1.0143e+00
6.0067e-01
5.2004e-01
5.0493e-01
6.9100e-01
8.6996e-01
8.5675e-01
7.7630e-01
6.2238e-01
6.8940e-01
1.0098e+00
7.8878e-01
9.6183e-01
8.1347e-01
9.0963e-01
6.9739e-01
1.0269e+00
7.6486e-01
6.0394e-01
5.1652e-01
5.4611e-01
9.1114e-01
9.9706e-01
4.8944e-01
8.2553e-01
6.0567e-01
7.3361e-01
7.7024e-01
8.7088e-01
9.3149e-01
9.0475e-01
9.5625e-01
6.9649e-01
8.0931e-01
9.9350e-01
7.9217e-01
6.1114e-01
6.7585e-01
7.2205e-01
6.7907e-01
8.5249e-01
1.0270e+00
8.0405e-01
9.4020e-01
6.2277e-01
8.2134e-01
8.4632e-01
7.3059e-01
6.5853e-01
6.5853e-01
8.2987e-01
9.3241e-01
