9.3044e-01
7.0747e-01
8.6302e-01
7.9675e-01
1.0374e+00
6.4251e-01
9.5440e-01
8.6900e-01
7.1224e-01
8.4198e-01
9.9084e-01
6.5900e-01
6.1108e-01
6.8397e-01
6.1880e-01
7.1248e-01
6.6385e-01
6.5770e-01
7.8019e-01
5.7808e-01
7.4179e-01
9.9090e-01
6.0116e-01
9.7120e-01
7.3943e-01
9.4146e-01
7.7682e-01
8.6900e-01
6.4845e-01
5.5444e-01
4.1938e-01
6.7451e-01
6.8318e-01
7.0293e-01
4.4192e-01
6.7375e-01
7.6631e-01
6.2447e-01
7.3213e-01
5.6654e-01
8.5542e-01
8.0639e-01
9.1988e-01
7.0916e-01
6.9636e-01
8.1908e-01
8.8796e-01
7.1012e-01
8.7256e-01
6.4074e-01
8.9610e-01
7.8077e-01
9.7211e-01
7.8213e-01
7.6631e-01
6.4845e-01
7.0519e-01
6.8318e-01
5.5958e-01
8.4198e-01
7.6349e-01
6.8366e-01
8.3224e-01
8.3224e-01
4.8720e-01
7.1538e-01
7.3182e-01
6.0328e-01
9.8260e-01
7.1012e-01
6.8366e-01
9.9583e-01
9.8529e-01
6.7721e-01
8.0454e-01
6.5486e-01
1.0263e+00
7.1224e-01
6.7721e-01
9.8265e-01
6.3381e-01
6.6229e-01
8.8145e-01
6.0116e-01
6.7062e-01
7.5984e-01
6.6229e-01
8.3157e-01
8.6900e-01
8.6302e-01
8.3157e-01
9.2683e-01
8.1708e-01
7.7089e-01
6.7291e-01
6.8506e-01
4.9936e-01
1.0085e+00
5.9517e-01
6.9671e-01
6.6983e-01
6.4204e-01
7.2685e-01
9.8772e-01
7.8546e-01
8.9610e-01
7.6991e-01
6.4834e-01
5.9517e-01
9.8260e-01
6.6436e-01
6.7235e-01
6.1396e-01
9.9580e-01
5.9454e-01
7.7047e-01
7.3646e-01
8.6491e-01
6.9656e-01
8.8492e-01
8.1425e-01
6.5770e-01
8.0737e-01
1.0319e+00
5.6654e-01
7.1121e-01
6.9671e-01
8.2944e-01
8.8209e-01
6.7451e-01
6.6385e-01
6.0295e-01
1.0013e+00
5.7004e-01
9.8463e-01
8.9390e-01
6.7062e-01
7.1248e-01
8.4906e-01
9.3675e-01
4.6181e-01
9.0717e-01
6.4903e-01
5.3332e-01
9.5985e-01
7.6991e-01
6.1396e-01
6.6175e-01
8.7124e-01
8.6491e-01
6.6983e-01
6.9656e-01
6.0295e-01
6.9003e-01
4.4192e-01
8.4875e-01
7.8693e-01
6.7612e-01
4.5605e-01
6.2971e-01
9.4423e-01
9.9327e-01
9.8463e-01
7.0515e-01
6.3213e-01
5.8516e-01
5.5787e-01
6.4871e-01
5.5444e-01
8.1915e-01
6.4647e-01
6.7664e-01
5.3042e-01
6.6175e-01
8.7962e-01
7.5901e-01
6.6436e-01
7.3821e-01
6.6681e-01
9.8772e-01
4.1938e-01
7.3646e-01
9.9706e-01
5.7808e-01
8.7177e-01
8.2944e-01
7.3182e-01
6.3213e-01
7.0916e-01
7.3160e-01
5.9723e-01
8.4906e-01
9.6067e-01
6.5900e-01
6.9825e-01
1.0013e+00
6.4834e-01
7.7089e-01
8.9390e-01
6.7466e-01
7.8546e-01
5.5603e-01
5.5884e-01
8.1425e-01
1.0118e+00
1.0374e+00
7.0519e-01
6.8506e-01
8.0283e-01
6.4121e-01
5.8707e-01
6.7664e-01
7.4796e-01
7.3160e-01
6.4821e-01
7.5901e-01
9.5440e-01
6.4903e-01
8.0737e-01
4.7499e-01
7.7594e-01
5.7004e-01
9.7211e-01
6.4726e-01
6.1108e-01
5.8707e-01
6.7291e-01
7.4781e-01
8.8796e-01
9.3827e-01
7.9736e-01
7.9832e-01
7.9736e-01
6.2801e-01
9.9090e-01
6.2447e-01
1.0319e+00
7.2316e-01
6.4251e-01
7.6349e-01
8.1579e-01
6.2978e-01
7.0293e-01
6.2148e-01
9.7828e-01
9.9084e-01
4.5605e-01
9.9583e-01
6.0328e-01
5.5958e-01
7.2316e-01
8.1299e-01
7.3675e-01
7.2685e-01
7.0880e-01
7.0420e-01
7.3943e-01
8.4997e-01
8.8324e-01
8.8145e-01
4.7499e-01
7.8077e-01
9.0717e-01
6.3157e-01
6.9636e-01
6.9003e-01
6.1880e-01
7.0458e-01
9.4964e-01
1.0197e+00
6.1273e-01
9.3827e-01
9.5985e-01
6.1273e-01
5.5884e-01
6.8397e-01
7.8213e-01
6.7258e-01
1.0118e+00
7.7034e-01
6.3381e-01
8.0283e-01
6.4647e-01
7.0458e-01
4.9936e-01
5.3332e-01
9.3675e-01
8.0454e-01
7.9675e-01
5.9723e-01
6.7235e-01
9.9599e-01
6.4121e-01
8.4997e-01
6.4726e-01
7.7034e-01
6.3157e-01
1.0197e+00
5.7124e-01
6.7258e-01
7.4179e-01
6.9825e-01
8.4121e-01
6.4821e-01
7.7047e-01
8.7124e-01
5.8516e-01
6.4204e-01
7.8693e-01
8.4875e-01
9.4423e-01
9.3044e-01
7.7594e-01
7.4777e-01
9.4146e-01
9.2683e-01
4.8720e-01
4.6181e-01
8.8209e-01
8.0639e-01
6.4871e-01
8.7256e-01
1.0085e+00
8.8324e-01
7.0221e-01
7.3675e-01
7.3213e-01
6.9138e-01
6.2148e-01
6.3935e-01
6.3935e-01
7.3821e-01
9.4964e-01
