1745682540436 7.887539625167847 0
1745682548587 7.8594911098480225 1
1745682556701 8.071664810180664 2
1745682565138 7.933467149734497 3
1745682573856 8.18641471862793 4
1745682582225 8.044906854629517 5
1745682590964 8.197593212127686 6
1745682599253 8.240430116653442 7
1745682607314 8.00934624671936 8
1745682615571 8.20552396774292 9
1745682623724 8.099225044250488 10
1745682631941 8.161458969116211 11
1745682640249 8.252891302108765 12
1745682648981 8.212238311767578 13
1745682656921 7.889180421829224 14
1745682665114 8.138895511627197 15
1745682673250 8.081645965576172 16
1745682681544 8.235932350158691 17
1745682712809 31.206938982009888 18
1745682721988 9.119734525680542 19
