1745682540436 0.06328727304935455 0
1745682548587 1.3672542572021484 1
1745682556701 15.090632438659668 2
1745682565138 55.77434158325195 3
1745682573856 75.48314666748047 4
1745682582225 78.1451187133789 5
1745682590964 107.43997192382812 6
1745682599253 90.15833282470703 7
1745682607314 91.46300506591797 8
1745682615571 106.60637664794922 9
1745682623724 89.54866027832031 10
1745682631941 82.15174102783203 11
1745682640249 90.20503997802734 12
1745682648981 83.4491958618164 13
1745682656921 95.73955535888672 14
1745682665114 92.68643951416016 15
1745682673250 89.10302734375 16
1745682681544 88.37196350097656 17
1745682712809 87.15364074707031 18
1745682721988 81.25839233398438 19
