1745682540436 -0.10073535144329071 0
1745682548587 -0.03390863537788391 1
1745682556701 0.2156098484992981 2
1745682565138 0.628717303276062 3
1745682573856 0.7503136396408081 4
1745682582225 0.7495630383491516 5
1745682590964 0.7455319166183472 6
1745682599253 0.738999605178833 7
1745682607314 0.7496441602706909 8
1745682615571 0.7496862411499023 9
1745682623724 0.7463988065719604 10
1745682631941 0.7500186562538147 11
1745682640249 0.7533156275749207 12
1745682648981 0.7458308935165405 13
1745682656921 0.7436086535453796 14
1745682665114 0.7485991716384888 15
1745682673250 0.7444376945495605 16
1745682681544 0.7474668025970459 17
