1745682540436 40.29863739013672 0
1745682548587 40.26148223876953 1
1745682556701 39.641780853271484 2
1745682565138 38.34419250488281 3
1745682573856 38.561126708984375 4
1745682582225 34.448883056640625 5
1745682590964 34.374961853027344 6
1745682599253 35.30845642089844 7
1745682607314 35.477256774902344 8
1745682615571 31.455602645874023 9
1745682623724 36.25953674316406 10
1745682631941 32.176025390625 11
1745682640249 31.923301696777344 12
1745682648981 32.20549011230469 13
1745682656921 31.586030960083008 14
1745682665114 33.66682052612305 15
1745682673250 30.997968673706055 16
1745682681544 30.912202835083008 17
