1745682540436 -0.00340834679082036 0
1745682548587 0.05769233778119087 1
1745682556701 0.2886243164539337 2
1745682565138 0.3639289438724518 3
1745682573856 0.4469563364982605 4
1745682582225 0.4898969829082489 5
1745682590964 0.5235777497291565 6
1745682599253 0.5335585474967957 7
1745682607314 0.5318470001220703 8
1745682615571 0.565282940864563 9
1745682623724 0.5508295893669128 10
1745682631941 0.5671371817588806 11
1745682640249 0.5747373700141907 12
1745682648981 0.565620481967926 13
1745682656921 0.5654902458190918 14
1745682665114 0.5837429761886597 15
1745682673250 0.6024475693702698 16
1745682681544 0.5801115036010742 17
1745682712809 0.58183753490448 18
1745682721988 0.587090790271759 19
