1745682540436 0.7450193762779236 0
1745682548587 0.7460172176361084 1
1745682556701 0.7468191385269165 2
1745682565138 0.7463990449905396 3
1745682573856 0.7467097640037537 4
1745682582225 0.7455973029136658 5
1745682590964 0.7477904558181763 6
1745682599253 0.7471523284912109 7
1745682607314 0.7470508217811584 8
1745682615571 0.7479552030563354 9
1745682623724 0.7448790669441223 10
1745682631941 0.7479304671287537 11
1745682640249 0.7479289174079895 12
1745682648981 0.7452755570411682 13
1745682656921 0.7457688450813293 14
1745682665114 0.7484452128410339 15
1745682673250 0.7469624280929565 16
1745682681544 0.7468388080596924 17
1745682712809 0.7482585310935974 18
1745682721988 0.7459964156150818 19
