1.0444e-01
3.6954e-02
7.8906e-02
3.9055e-02
9.8476e-02
3.6695e-02
6.0477e-02
8.8138e-02
7.2319e-02
4.9732e-02
1.0268e-01
9.6008e-02
1.9143e-02
1.6938e-02
3.2430e-02
5.1319e-02
7.2912e-02
4.7144e-02
1.4224e-02
3.4716e-02
3.2921e-02
1.3513e-01
2.9984e-02
1.4595e-01
4.4862e-02
6.5798e-02
1.2497e-01
8.8138e-02
7.2685e-02
1.3110e-02
3.5305e-02
4.4129e-02
4.7631e-02
7.5662e-02
5.6103e-02
3.5778e-02
6.9547e-02
2.3239e-02
1.7595e-02
5.2693e-02
9.6505e-02
5.1975e-02
1.0116e-01
5.3119e-02
5.5671e-02
6.7775e-02
9.4269e-02
4.7886e-02
5.0345e-02
1.9257e-02
6.0642e-02
3.1584e-02
1.1614e-01
5.8559e-02
6.9547e-02
7.2685e-02
4.6869e-02
4.7631e-02
4.5149e-02
4.9732e-02
7.2573e-02
3.2170e-02
6.3397e-02
6.3397e-02
3.8558e-02
2.0735e-02
5.5548e-02
3.4302e-02
1.5143e-01
4.7886e-02
3.2170e-02
6.8104e-02
1.3070e-01
2.3983e-02
8.1336e-02
3.3699e-02
1.2641e-01
7.2319e-02
2.3983e-02
1.4893e-01
3.2387e-02
6.3609e-02
3.7156e-02
2.9984e-02
9.3087e-02
8.3954e-02
6.3609e-02
7.3636e-02
9.6201e-02
7.8906e-02
7.3636e-02
8.6188e-02
6.6920e-02
6.2634e-02
4.6423e-02
6.1845e-02
2.4061e-02
1.1118e-01
5.1317e-02
6.8608e-02
2.1375e-02
3.6465e-02
5.7244e-02
5.1548e-02
5.7449e-02
6.0642e-02
6.6721e-02
4.2940e-02
5.1317e-02
1.5143e-01
3.4587e-02
4.7663e-02
4.3061e-02
1.2508e-01
4.6082e-02
4.5569e-03
8.2121e-02
8.2074e-02
5.5042e-02
9.5041e-02
4.1593e-02
4.7144e-02
5.7292e-02
1.4295e-01
5.2693e-02
7.6185e-02
6.8608e-02
2.9580e-02
5.1481e-02
4.4129e-02
7.2912e-02
5.6317e-02
1.4161e-01
8.2640e-03
1.4355e-01
8.2556e-02
9.3087e-02
5.1319e-02
8.6810e-02
4.3779e-02
9.3923e-02
5.5431e-02
5.7108e-02
3.5260e-02
4.8627e-02
6.6721e-02
4.3061e-02
5.4964e-02
7.9721e-02
8.2074e-02
2.1375e-02
5.5042e-02
5.6317e-02
3.0158e-02
5.6103e-02
8.7062e-02
4.5860e-02
4.7065e-02
3.4466e-04
2.0355e-02
1.6231e-01
1.5551e-01
1.4355e-01
2.6940e-02
3.2680e-02
3.4052e-02
1.9563e-02
3.2938e-02
1.3110e-02
3.8757e-02
3.9546e-02
8.9090e-03
-1.6684e-03
5.4964e-02
5.5338e-02
1.7929e-02
3.4587e-02
5.5249e-02
5.4625e-02
5.1548e-02
3.5305e-02
8.2121e-02
1.6099e-01
3.4716e-02
5.3069e-02
2.9580e-02
5.5548e-02
3.2680e-02
5.3119e-02
2.5623e-02
1.5535e-02
8.6810e-02
1.1465e-01
9.6008e-02
4.8213e-02
1.4161e-01
4.2940e-02
6.2634e-02
8.2556e-02
5.6358e-02
5.7449e-02
7.6928e-02
6.2915e-02
4.1593e-02
1.5225e-01
9.8476e-02
4.6869e-02
6.1845e-02
1.1387e-01
4.7008e-02
6.4243e-02
8.9090e-03
1.1846e-01
2.5623e-02
1.4989e-01
1.7929e-02
6.0477e-02
5.7108e-02
5.7292e-02
6.9357e-02
1.1002e-01
8.2640e-03
1.1614e-01
7.2087e-02
1.9143e-02
6.4243e-02
4.6423e-02
5.9644e-02
9.4269e-02
4.8538e-02
7.0749e-02
6.5878e-02
7.0749e-02
5.8289e-02
1.3513e-01
2.3239e-02
1.4295e-01
4.6273e-02
3.6695e-02
7.2573e-02
6.2667e-02
4.1512e-02
7.5662e-02
6.3507e-02
1.3375e-01
1.0268e-01
3.4466e-04
6.8104e-02
3.4302e-02
4.5149e-02
4.6273e-02
1.1982e-01
9.2783e-02
5.7244e-02
6.8145e-02
7.5202e-02
4.4862e-02
7.5285e-02
3.7396e-02
3.7156e-02
6.9357e-02
3.1584e-02
5.5431e-02
8.0638e-02
5.5671e-02
3.0158e-02
3.2430e-02
3.6076e-02
6.1988e-02
1.4556e-01
6.6117e-02
4.8538e-02
4.8627e-02
6.6117e-02
6.2915e-02
1.6938e-02
5.8559e-02
3.5650e-02
1.5225e-01
1.3024e-01
3.2387e-02
1.1387e-01
3.9546e-02
3.6076e-02
2.4061e-02
3.5260e-02
4.3779e-02
8.1336e-02
3.9055e-02
1.5535e-02
4.7663e-02
1.2526e-01
4.7008e-02
7.5285e-02
7.2087e-02
1.3024e-01
8.0638e-02
1.4556e-01
3.6647e-02
3.5650e-02
3.2921e-02
4.8213e-02
4.7192e-02
1.4989e-01
4.5569e-03
7.9721e-02
3.4052e-02
3.6465e-02
4.5860e-02
8.7062e-02
1.6231e-01
1.0444e-01
1.1002e-01
4.2433e-02
6.5798e-02
8.6188e-02
3.8558e-02
9.3923e-02
5.1481e-02
5.1975e-02
3.2938e-02
5.0345e-02
1.1118e-01
3.7396e-02
4.5117e-02
9.2783e-02
1.7595e-02
7.1542e-02
6.3507e-02
8.3044e-02
8.3044e-02
5.5249e-02
6.1988e-02
