1745677262341 7.271501779556274 0
1745677269706 7.094373464584351 1
1745677276990 7.251598596572876 2
1745677284221 7.195812225341797 3
1745677291482 7.2255871295928955 4
1745677298780 7.262046813964844 5
1745677306259 7.033336400985718 6
1745677314162 7.483788967132568 7
1745677321864 7.404122829437256 8
1745677329079 7.178035259246826 9
1745677336629 7.513103008270264 10
1745677344022 7.352668762207031 11
1745677351715 7.3843395709991455 12
1745677358982 7.230802774429321 13
1745677366308 7.287916660308838 14
1745677373614 7.2678139209747314 15
1745677381198 7.124906539916992 16
1745677388929 7.316957950592041 17
1745677396197 7.232661008834839 18
1745677403566 7.3327414989471436 19
1745677411303 7.436577796936035 20
1745677418536 7.196369409561157 21
1745677426064 7.0919904708862305 22
1745677433330 7.230241537094116 23
1745677441060 7.294776916503906 24
