1745677262341 0.0 0
1745677269706 1.0 1
1745677276990 2.0 2
1745677284221 3.0 3
1745677291482 4.0 4
1745677298780 5.0 5
1745677306259 6.0 6
1745677314162 7.0 7
1745677321864 8.0 8
1745677329079 9.0 9
1745677336629 10.0 10
1745677344022 11.0 11
1745677351715 12.0 12
1745677358982 13.0 13
1745677366308 14.0 14
1745677373614 15.0 15
1745677381198 16.0 16
1745677388929 17.0 17
1745677396197 18.0 18
1745677403566 19.0 19
1745677411303 20.0 20
1745677418536 21.0 21
1745677426064 22.0 22
1745677433330 23.0 23
1745677441060 24.0 24
