1745677262341 0.001252874149940908 0
1745677269706 0.0020942064002156258 1
1745677276990 0.02248336561024189 2
1745677284221 0.13953185081481934 3
1745677291482 0.3175473213195801 4
1745677298780 0.6720600724220276 5
1745677306259 1.237992763519287 6
1745677314162 2.0781667232513428 7
1745677321864 3.1742231845855713 8
1745677329079 5.400254726409912 9
1745677336629 8.081666946411133 10
1745677344022 13.057260513305664 11
1745677351715 19.48785400390625 12
1745677358982 28.601604461669922 13
1745677366308 41.884281158447266 14
1745677373614 58.53388214111328 15
1745677381198 72.8119888305664 16
1745677388929 89.11553955078125 17
1745677396197 97.83583068847656 18
1745677403566 112.76725006103516 19
1745677411303 125.7022476196289 20
1745677418536 125.35247039794922 21
1745677426064 131.2910614013672 22
1745677433330 130.8933563232422 23
1745677441060 148.41036987304688 24
