1745677262341 -0.08090197294950485 0
1745677269706 -0.08185069262981415 1
1745677276990 -0.0816410630941391 2
1745677284221 -0.07000411301851273 3
1745677291482 -0.04344825819134712 4
1745677298780 -0.011995645239949226 5
1745677306259 0.024176577106118202 6
1745677314162 0.0651470497250557 7
1745677321864 0.11016600579023361 8
1745677329079 0.15874046087265015 9
1745677336629 0.20984061062335968 10
1745677344022 0.2666347622871399 11
1745677351715 0.32517561316490173 12
1745677358982 0.38716933131217957 13
1745677366308 0.45157477259635925 14
1745677373614 0.5144004821777344 15
1745677381198 0.5773201584815979 16
1745677388929 0.6394281387329102 17
1745677396197 0.6895734667778015 18
1745677403566 0.7238178253173828 19
1745677411303 0.7355917096138 20
1745677418536 0.73881596326828 21
1745677426064 0.7416629791259766 22
1745677433330 0.7417269349098206 23
1745677441060 0.7418233156204224 24
