1745677262341 40.299949645996094 0
1745677269706 40.299949645996094 1
1745677276990 40.299808502197266 2
1745677284221 40.29944610595703 3
1745677291482 40.29873275756836 4
1745677298780 40.292903900146484 5
1745677306259 40.28760528564453 6
1745677314162 40.27086639404297 7
1745677321864 40.26556396484375 8
1745677329079 40.237266540527344 9
1745677336629 40.198387145996094 10
1745677344022 40.131046295166016 11
1745677351715 39.96766662597656 12
1745677358982 39.91950225830078 13
1745677366308 39.70650863647461 14
1745677373614 39.01919937133789 15
1745677381198 38.770381927490234 16
1745677388929 38.37437057495117 17
1745677396197 39.25893020629883 18
1745677403566 37.771427154541016 19
1745677411303 37.69701385498047 20
1745677418536 37.884254455566406 21
1745677426064 37.70637512207031 22
1745677433330 37.21323776245117 23
1745677441060 36.896514892578125 24
