1745677262341 -0.039771247655153275 0
1745677269706 -0.004853338003158569 1
1745677276990 0.11970220506191254 2
1745677284221 0.035348277539014816 3
1745677291482 0.14452362060546875 4
1745677298780 0.247519388794899 5
1745677306259 0.31341230869293213 6
1745677314162 0.3779424726963043 7
1745677321864 0.4617852568626404 8
1745677329079 0.452175498008728 9
1745677336629 0.49838918447494507 10
1745677344022 0.5161706805229187 11
1745677351715 0.5365980863571167 12
1745677358982 0.5371938347816467 13
1745677366308 0.526874303817749 14
1745677373614 0.5569231510162354 15
1745677381198 0.5744491815567017 16
1745677388929 0.5641903281211853 17
1745677396197 0.5621759295463562 18
1745677403566 0.5702284574508667 19
1745677411303 0.5748143196105957 20
1745677418536 0.5985764265060425 21
1745677426064 0.5992956161499023 22
1745677433330 0.6028457880020142 23
1745677441060 0.6289716362953186 24
