1745677262341 0.7491384744644165 0
1745677269706 0.7496401071548462 1
1745677276990 0.7494016289710999 2
1745677284221 0.7477883100509644 3
1745677291482 0.7509498000144958 4
1745677298780 0.7484197616577148 5
1745677306259 0.749452531337738 6
1745677314162 0.7499477863311768 7
1745677321864 0.749043881893158 8
1745677329079 0.7501075267791748 9
1745677336629 0.7487660050392151 10
1745677344022 0.7504395842552185 11
1745677351715 0.7491605281829834 12
1745677358982 0.748477578163147 13
1745677366308 0.7492937445640564 14
1745677373614 0.7483971118927002 15
1745677381198 0.7493115663528442 16
1745677388929 0.7499237060546875 17
1745677396197 0.7509673237800598 18
1745677403566 0.7486503720283508 19
1745677411303 0.7502443194389343 20
1745677418536 0.7491910457611084 21
1745677426064 0.7491819858551025 22
1745677433330 0.7494262456893921 23
1745677441060 0.750146210193634 24
