1745622182312 9.623206377029419 0
1745622192447 9.793582201004028 1
1745622202255 9.76856017112732 2
1745622212343 10.046223878860474 3
1745622222298 9.911089420318604 4
1745622232221 9.87885856628418 5
1745622242097 9.831930160522461 6
1745622252150 10.005666494369507 7
1745622262009 9.813229322433472 8
1745622271717 9.659221172332764 9
1745622281592 9.825879096984863 10
1745622291480 9.840650081634521 11
1745622301513 9.980273485183716 12
1745622311549 9.985251188278198 13
1745622321503 9.90357780456543 14
1745622331438 9.88342547416687 15
1745622341403 9.913496971130371 16
1745622351436 9.970581531524658 17
1745622361614 10.124062061309814 18
1745622371569 9.902425050735474 19
1745622381297 9.675376653671265 20
1745622391280 9.931260824203491 21
1745622401272 9.939478874206543 22
1745622411174 9.850476264953613 23
1745622421213 9.987780332565308 24
1745622431161 9.894992351531982 25
1745622441040 9.82166075706482 26
1745622451080 9.987870216369629 27
1745622461092 9.96091079711914 28
1745622471113 9.969900846481323 29
1745622480891 9.728476524353027 30
1745622491208 10.263597965240479 31
1745622501075 9.812300682067871 32
1745622511101 9.973589420318604 33
1745622521184 10.028683423995972 34
1745622531258 10.018633127212524 35
1745622541207 9.896903991699219 36
1745622551174 9.915252447128296 37
1745622561092 9.864877939224243 38
1745622571159 10.012833833694458 39
1745622580933 9.720382452011108 40
1745622591003 10.020009756088257 41
1745622600934 9.87835431098938 42
1745622611050 10.06392765045166 43
1745622620978 9.873927116394043 44
1745622631009 9.977789640426636 45
1745622640912 9.849267959594727 46
1745622650993 10.029012203216553 47
1745622660994 9.94917893409729 48
1745622670981 9.935286521911621 49
1745622680950 9.917473554611206 50
1745622690786 9.784291744232178 51
1745622700615 9.780455827713013 52
1745622710645 9.97870421409607 53
1745622720581 9.883749008178711 54
1745622730387 9.75704312324524 55
1745622740246 9.80840516090393 56
1745622750295 9.997224807739258 57
1745622760301 9.954514980316162 58
1745622770517 10.164394617080688 59
1745622780390 9.81972050666809 60
1745622790190 9.74813985824585 61
1745622800162 9.920036792755127 62
1745622810278 10.06274151802063 63
1745622820253 9.923821210861206 64
1745622830084 9.776564359664917 65
1745622839970 9.832950592041016 66
1745622849922 9.896111249923706 67
1745622859822 9.844497680664062 68
1745622869949 10.074028491973877 69
1745622879966 9.964788436889648 70
1745622889764 9.745028495788574 71
1745622899654 9.83704400062561 72
1745622909485 9.777160167694092 73
1745622919399 9.860711812973022 74
1745622929360 9.906117916107178 75
1745622939433 10.020800590515137 76
1745622949454 9.96909785270691 77
1745622959485 9.976375818252563 78
1745622969371 9.835017919540405 79
1745622979287 9.862923622131348 80
1745622989241 9.898975133895874 81
1745622999028 9.733619213104248 82
1745623008945 9.865912437438965 83
1745623018853 9.855228424072266 84
1745623028793 9.883227586746216 85
1745623038710 9.862786769866943 86
1745623048536 9.773539543151855 87
1745623058810 10.221027851104736 88
1745623068765 9.902643918991089 89
1745623078656 9.840253829956055 90
