1745622182312 0.0 0
1745622192447 1.0 1
1745622202255 2.0 2
1745622212343 3.0 3
1745622222298 4.0 4
1745622232221 5.0 5
1745622242097 6.0 6
1745622252150 7.0 7
1745622262009 8.0 8
1745622271717 9.0 9
1745622281592 10.0 10
1745622291480 11.0 11
1745622301513 12.0 12
1745622311549 13.0 13
1745622321503 14.0 14
1745622331438 15.0 15
1745622341403 16.0 16
1745622351436 17.0 17
1745622361614 18.0 18
1745622371569 19.0 19
1745622381297 20.0 20
1745622391280 21.0 21
1745622401272 22.0 22
1745622411174 23.0 23
1745622421213 24.0 24
1745622431161 25.0 25
1745622441040 26.0 26
1745622451080 27.0 27
1745622461092 28.0 28
1745622471113 29.0 29
1745622480891 30.0 30
1745622491208 31.0 31
1745622501075 32.0 32
1745622511101 33.0 33
1745622521184 34.0 34
1745622531258 35.0 35
1745622541207 36.0 36
1745622551174 37.0 37
1745622561092 38.0 38
1745622571159 39.0 39
1745622580933 40.0 40
1745622591003 41.0 41
1745622600934 42.0 42
1745622611050 43.0 43
1745622620978 44.0 44
1745622631009 45.0 45
1745622640912 46.0 46
1745622650993 47.0 47
1745622660994 48.0 48
1745622670981 49.0 49
1745622680950 50.0 50
1745622690786 51.0 51
1745622700615 52.0 52
1745622710645 53.0 53
1745622720581 54.0 54
1745622730387 55.0 55
1745622740246 56.0 56
1745622750295 57.0 57
1745622760301 58.0 58
1745622770517 59.0 59
1745622780390 60.0 60
1745622790190 61.0 61
1745622800162 62.0 62
1745622810278 63.0 63
1745622820253 64.0 64
1745622830084 65.0 65
1745622839970 66.0 66
1745622849922 67.0 67
1745622859822 68.0 68
1745622869949 69.0 69
1745622879966 70.0 70
1745622889764 71.0 71
1745622899654 72.0 72
1745622909485 73.0 73
1745622919399 74.0 74
1745622929360 75.0 75
1745622939433 76.0 76
1745622949454 77.0 77
1745622959485 78.0 78
1745622969371 79.0 79
1745622979287 80.0 80
1745622989241 81.0 81
1745622999028 82.0 82
1745623008945 83.0 83
1745623018853 84.0 84
1745623028793 85.0 85
1745623038710 86.0 86
1745623048536 87.0 87
1745623058810 88.0 88
1745623068765 89.0 89
1745623078656 90.0 90
