1745622182312 0.005412172991782427 0
1745622192447 0.0052092126570641994 1
1745622202255 0.005665516015142202 2
1745622212343 0.005398502107709646 3
1745622222298 0.005606066435575485 4
1745622232221 0.0054067084565758705 5
1745622242097 0.0056414296850562096 6
1745622252150 0.005320629570633173 7
1745622262009 0.005554765462875366 8
1745622271717 0.0054829902946949005 9
1745622281592 0.005664587952196598 10
1745622291480 0.0054277582094073296 11
1745622301513 0.005736778024584055 12
1745622311549 0.005844183266162872 13
1745622321503 0.005513729527592659 14
1745622331438 0.00575441075488925 15
1745622341403 0.005328532308340073 16
1745622351436 0.005544169340282679 17
1745622361614 0.00566838076338172 18
1745622371569 0.005563157610595226 19
1745622381297 0.00579995010048151 20
1745622391280 0.0056731197983026505 21
1745622401272 0.005541965365409851 22
1745622411174 0.00561508210375905 23
1745622421213 0.005969804711639881 24
1745622431161 0.005800484213978052 25
1745622441040 0.005874285474419594 26
1745622451080 0.005697691347450018 27
1745622461092 0.005857930053025484 28
1745622471113 0.00605273200199008 29
1745622480891 0.005961981602013111 30
1745622491208 0.005862625315785408 31
1745622501075 0.005751008167862892 32
1745622511101 0.0059644849970936775 33
1745622521184 0.005861634388566017 34
1745622531258 0.00610080873593688 35
1745622541207 0.0059806243516504765 36
1745622551174 0.006001145578920841 37
1745622561092 0.006361205130815506 38
1745622571159 0.006350163836032152 39
1745622580933 0.006170471198856831 40
1745622591003 0.006307662930339575 41
1745622600934 0.006530688609927893 42
1745622611050 0.006618942599743605 43
1745622620978 0.0062072682194411755 44
1745622631009 0.006621029227972031 45
1745622640912 0.00640609348192811 46
1745622650993 0.006417190656065941 47
1745622660994 0.006789723876863718 48
1745622670981 0.006492880638688803 49
1745622680950 0.007083797361701727 50
1745622690786 0.006860692519694567 51
1745622700615 0.006969768088310957 52
1745622710645 0.00699245510622859 53
1745622720581 0.007279631216078997 54
1745622730387 0.007313304115086794 55
1745622740246 0.0072842007502913475 56
1745622750295 0.007254770956933498 57
1745622760301 0.007380103226751089 58
1745622770517 0.007644176483154297 59
1745622780390 0.007914760150015354 60
1745622790190 0.008511051535606384 61
1745622800162 0.007926182821393013 62
1745622810278 0.008211172185838223 63
1745622820253 0.008386366069316864 64
1745622830084 0.008709815330803394 65
1745622839970 0.009218167513608932 66
1745622849922 0.008909407071769238 67
1745622859822 0.008971692062914371 68
1745622869949 0.01014267560094595 69
1745622879966 0.00988065730780363 70
1745622889764 0.009996780194342136 71
1745622899654 0.010867072269320488 72
1745622909485 0.011377356946468353 73
1745622919399 0.011318044736981392 74
1745622929360 0.012088377960026264 75
1745622939433 0.012431513518095016 76
1745622949454 0.013835377059876919 77
1745622959485 0.013947916217148304 78
1745622969371 0.015246386639773846 79
1745622979287 0.016238488256931305 80
1745622989241 0.017345121130347252 81
1745622999028 0.018593309447169304 82
1745623008945 0.02007153071463108 83
1745623018853 0.019949864596128464 84
1745623028793 0.021950475871562958 85
1745623038710 0.023988256230950356 86
1745623048536 0.026074524968862534 87
1745623058810 0.027012862265110016 88
1745623068765 0.029656287282705307 89
1745623078656 0.0316905677318573 90
