1745622182312 -0.060167085379362106 0
1745622192447 -0.060167063027620316 1
1745622202255 -0.0601685605943203 2
1745622212343 -0.06016895920038223 3
1745622222298 -0.06017470359802246 4
1745622232221 -0.06018543243408203 5
1745622242097 -0.060188889503479004 6
1745622252150 -0.0601886585354805 7
1745622262009 -0.06019158288836479 8
1745622271717 -0.060195572674274445 9
1745622281592 -0.0601951889693737 10
1745622291480 -0.06019056588411331 11
1745622301513 -0.06019134446978569 12
1745622311549 -0.06019130349159241 13
1745622321503 -0.060190290212631226 14
1745622331438 -0.0601891428232193 15
1745622341403 -0.0601881667971611 16
1745622351436 -0.06019145995378494 17
1745622361614 -0.06019554287195206 18
1745622371569 -0.060197025537490845 19
1745622381297 -0.060193054378032684 20
1745622391280 -0.0601920560002327 21
1745622401272 -0.06019322946667671 22
1745622411174 -0.060196828097105026 23
1745622421213 -0.060194797813892365 24
1745622431161 -0.06018988788127899 25
1745622441040 -0.06018422544002533 26
1745622451080 -0.060180019587278366 27
1745622461092 -0.060180164873600006 28
1745622471113 -0.06017937511205673 29
1745622480891 -0.060174502432346344 30
1745622491208 -0.06016993150115013 31
1745622501075 -0.060169000178575516 32
1745622511101 -0.06017106771469116 33
1745622521184 -0.06017239764332771 34
1745622531258 -0.06016416475176811 35
1745622541207 -0.06015978381037712 36
1745622551174 -0.0601578950881958 37
1745622561092 -0.06015400588512421 38
1745622571159 -0.060153767466545105 39
1745622580933 -0.06015722081065178 40
1745622591003 -0.06015605852007866 41
1745622600934 -0.06015968695282936 42
1745622611050 -0.06015719473361969 43
1745622620978 -0.06015443801879883 44
1745622631009 -0.060158465057611465 45
1745622640912 -0.06016204506158829 46
1745622650993 -0.06015884876251221 47
1745622660994 -0.06015394628047943 48
1745622670981 -0.060155563056468964 49
1745622680950 -0.06015909090638161 50
1745622690786 -0.060157034546136856 51
1745622700615 -0.060154832899570465 52
1745622710645 -0.06014586240053177 53
1745622720581 -0.06013709679245949 54
1745622730387 -0.06012818589806557 55
1745622740246 -0.06012216955423355 56
1745622750295 -0.06011759862303734 57
1745622760301 -0.0601145476102829 58
1745622770517 -0.06010906398296356 59
1745622780390 -0.0601055733859539 60
1745622790190 -0.060097288340330124 61
1745622800162 -0.060091450810432434 62
1745622810278 -0.06009179726243019 63
1745622820253 -0.06009325012564659 64
1745622830084 -0.06009478494524956 65
1745622839970 -0.06009539216756821 66
1745622849922 -0.060087110847234726 67
1745622859822 -0.060082726180553436 68
1745622869949 -0.06008365377783775 69
1745622879966 -0.060082338750362396 70
1745622889764 -0.06008848175406456 71
1745622899654 -0.06009265407919884 72
1745622909485 -0.06008535251021385 73
1745622919399 -0.06007181107997894 74
1745622929360 -0.0600646436214447 75
1745622939433 -0.06005884334445 76
1745622949454 -0.06004663556814194 77
1745622959485 -0.06002974510192871 78
1745622969371 -0.060019709169864655 79
1745622979287 -0.06001545116305351 80
1745622989241 -0.0600062720477581 81
1745622999028 -0.059998657554388046 82
1745623008945 -0.05998505651950836 83
1745623018853 -0.059975579380989075 84
1745623028793 -0.05996473506093025 85
1745623038710 -0.05994923785328865 86
1745623048536 -0.05993472784757614 87
1745623058810 -0.05991631746292114 88
1745623068765 -0.05988265946507454 89
1745623078656 -0.05984381586313248 90
