1745622182312 129.89617919921875 0
1745622192447 129.89617919921875 1
1745622202255 129.89617919921875 2
1745622212343 129.89617919921875 3
1745622222298 129.89617919921875 4
1745622232221 129.89617919921875 5
1745622242097 129.89617919921875 6
1745622252150 129.89617919921875 7
1745622262009 129.89617919921875 8
1745622271717 129.89617919921875 9
1745622281592 129.89617919921875 10
1745622291480 129.89617919921875 11
1745622301513 129.89617919921875 12
1745622311549 129.89617919921875 13
1745622321503 129.89617919921875 14
1745622331438 129.89617919921875 15
1745622341403 129.89617919921875 16
1745622351436 129.89617919921875 17
1745622361614 129.89617919921875 18
1745622371569 129.89617919921875 19
1745622381297 129.89617919921875 20
1745622391280 129.89617919921875 21
1745622401272 129.89617919921875 22
1745622411174 129.89617919921875 23
1745622421213 129.89617919921875 24
1745622431161 129.89617919921875 25
1745622441040 129.89617919921875 26
1745622451080 129.89617919921875 27
1745622461092 129.89617919921875 28
1745622471113 129.89617919921875 29
1745622480891 129.89617919921875 30
1745622491208 129.89617919921875 31
1745622501075 129.89617919921875 32
1745622511101 129.89617919921875 33
1745622521184 129.89617919921875 34
1745622531258 129.89617919921875 35
1745622541207 129.89617919921875 36
1745622551174 129.89617919921875 37
1745622561092 129.89617919921875 38
1745622571159 129.89617919921875 39
1745622580933 129.89617919921875 40
1745622591003 129.89617919921875 41
1745622600934 129.89617919921875 42
1745622611050 129.89617919921875 43
1745622620978 129.89617919921875 44
1745622631009 129.89617919921875 45
1745622640912 129.89617919921875 46
1745622650993 129.89617919921875 47
1745622660994 129.89617919921875 48
1745622670981 129.89617919921875 49
1745622680950 129.89617919921875 50
1745622690786 129.89617919921875 51
1745622700615 129.89617919921875 52
1745622710645 129.89617919921875 53
1745622720581 129.89617919921875 54
1745622730387 129.89617919921875 55
1745622740246 129.89617919921875 56
1745622750295 129.89617919921875 57
1745622760301 129.89617919921875 58
1745622770517 129.89617919921875 59
1745622780390 129.89617919921875 60
1745622790190 129.89617919921875 61
1745622800162 129.89617919921875 62
1745622810278 129.89617919921875 63
1745622820253 129.89617919921875 64
1745622830084 129.89617919921875 65
1745622839970 129.89617919921875 66
1745622849922 129.89617919921875 67
1745622859822 129.89617919921875 68
1745622869949 129.89617919921875 69
1745622879966 129.89617919921875 70
1745622889764 129.89617919921875 71
1745622899654 129.89617919921875 72
1745622909485 129.89617919921875 73
1745622919399 129.89617919921875 74
1745622929360 129.89617919921875 75
1745622939433 129.89617919921875 76
1745622949454 129.8961639404297 77
1745622959485 129.89617919921875 78
1745622969371 129.89617919921875 79
1745622979287 129.89617919921875 80
1745622989241 129.89617919921875 81
1745622999028 129.8961639404297 82
1745623008945 129.89617919921875 83
1745623018853 129.89617919921875 84
1745623028793 129.8961639404297 85
1745623038710 129.89617919921875 86
1745623048536 129.8961639404297 87
1745623058810 129.8961639404297 88
1745623068765 129.89614868164062 89
1745623078656 129.89614868164062 90
