1745622182312 -0.011927375569939613 0
1745622192447 -0.025970933958888054 1
1745622202255 -0.0023289474193006754 2
1745622212343 -0.0008837911300361156 3
1745622222298 -0.004577128682285547 4
1745622232221 -0.0043226745910942554 5
1745622242097 -0.0009410468628630042 6
1745622252150 0.012063330970704556 7
1745622262009 0.051950305700302124 8
1745622271717 0.020238205790519714 9
1745622281592 0.012723705731332302 10
1745622291480 -0.0014630381483584642 11
1745622301513 -0.00388915347866714 12
1745622311549 0.01083255186676979 13
1745622321503 0.03991842269897461 14
1745622331438 0.04721299931406975 15
1745622341403 -0.017218835651874542 16
1745622351436 0.037248991429805756 17
1745622361614 0.0036631333641707897 18
1745622371569 0.031154263764619827 19
1745622381297 0.04797431826591492 20
1745622391280 0.011226577684283257 21
1745622401272 0.0036511444486677647 22
1745622411174 0.027509091421961784 23
1745622421213 0.09556924551725388 24
1745622431161 -0.011458327062427998 25
1745622441040 0.052401188760995865 26
1745622451080 0.003026724560186267 27
1745622461092 -0.0052207522094249725 28
1745622471113 0.027500711381435394 29
1745622480891 0.0078089674934744835 30
1745622491208 0.015114533714950085 31
1745622501075 0.04926865175366402 32
1745622511101 -0.0076546017080545425 33
1745622521184 -0.006625151727348566 34
1745622531258 0.061346929520368576 35
1745622541207 0.012752903625369072 36
1745622551174 0.019823016598820686 37
1745622561092 0.003822450991719961 38
1745622571159 -0.017369389533996582 39
1745622580933 -0.01356128603219986 40
1745622591003 0.02695726789534092 41
1745622600934 0.04365009069442749 42
1745622611050 0.03972898796200752 43
1745622620978 0.004073184449225664 44
1745622631009 0.030418969690799713 45
1745622640912 0.014089968055486679 46
1745622650993 0.009293305687606335 47
1745622660994 0.021741066128015518 48
1745622670981 -0.04560201242566109 49
1745622680950 0.036338772624731064 50
1745622690786 -0.01122683472931385 51
1745622700615 0.10482607781887054 52
1745622710645 0.028448980301618576 53
1745622720581 0.06739301979541779 54
1745622730387 0.05126829072833061 55
1745622740246 0.031906820833683014 56
1745622750295 0.028310652822256088 57
1745622760301 0.08733399212360382 58
1745622770517 0.018052963539958 59
1745622780390 0.04070326313376427 60
1745622790190 0.09211759269237518 61
1745622800162 0.04754708707332611 62
1745622810278 0.048386745154857635 63
1745622820253 0.026424264535307884 64
1745622830084 0.0647883489727974 65
1745622839970 0.08683300763368607 66
1745622849922 0.0775689110159874 67
1745622859822 0.0038993540219962597 68
1745622869949 0.07755666971206665 69
1745622879966 0.05912324786186218 70
1745622889764 0.07938876748085022 71
1745622899654 0.08140790462493896 72
1745622909485 0.09256068617105484 73
1745622919399 0.016641385853290558 74
1745622929360 0.0791303962469101 75
1745622939433 0.06218414008617401 76
1745622949454 0.08243364840745926 77
1745622959485 0.11023503541946411 78
1745622969371 0.07489421218633652 79
1745622979287 0.07355232536792755 80
1745622989241 0.05852072313427925 81
1745622999028 0.08428968489170074 82
1745623008945 0.08299442380666733 83
1745623018853 0.08810053765773773 84
1745623028793 0.11397413164377213 85
1745623038710 0.1608697921037674 86
1745623048536 0.135408416390419 87
1745623058810 0.1328226774930954 88
1745623068765 0.191608265042305 89
1745623078656 0.1320950835943222 90
