1745622182312 0.7484792470932007 0
1745622192447 0.747277557849884 1
1745622202255 0.7472778558731079 2
1745622212343 0.7461981177330017 3
1745622222298 0.7470261454582214 4
1745622232221 0.7472507953643799 5
1745622242097 0.7469064593315125 6
1745622252150 0.7480571866035461 7
1745622262009 0.7471989989280701 8
1745622271717 0.7497321367263794 9
1745622281592 0.7476706504821777 10
1745622291480 0.7473271489143372 11
1745622301513 0.7478337287902832 12
1745622311549 0.7481113076210022 13
1745622321503 0.7464056015014648 14
1745622331438 0.7466373443603516 15
1745622341403 0.745836615562439 16
1745622351436 0.7454122304916382 17
1745622361614 0.7475458979606628 18
1745622371569 0.7481616735458374 19
1745622381297 0.7462723851203918 20
1745622391280 0.7474865317344666 21
1745622401272 0.7472581267356873 22
1745622411174 0.7468677759170532 23
1745622421213 0.745695948600769 24
1745622431161 0.745611310005188 25
1745622441040 0.7488332986831665 26
1745622451080 0.7488036751747131 27
1745622461092 0.7484845519065857 28
1745622471113 0.7467987537384033 29
1745622480891 0.7463828921318054 30
1745622491208 0.7465400695800781 31
1745622501075 0.7467561364173889 32
1745622511101 0.7453867197036743 33
1745622521184 0.7467598915100098 34
1745622531258 0.7468767166137695 35
1745622541207 0.7477023005485535 36
1745622551174 0.7475294470787048 37
1745622561092 0.7464545369148254 38
1745622571159 0.7489809393882751 39
1745622580933 0.7475124001502991 40
1745622591003 0.7476246356964111 41
1745622600934 0.7459376454353333 42
1745622611050 0.7469942569732666 43
1745622620978 0.7474597096443176 44
1745622631009 0.7470813989639282 45
1745622640912 0.7481963634490967 46
1745622650993 0.747317910194397 47
1745622660994 0.7468746304512024 48
1745622670981 0.7455863952636719 49
1745622680950 0.7469916343688965 50
1745622690786 0.7487194538116455 51
1745622700615 0.7473233342170715 52
1745622710645 0.7465344667434692 53
1745622720581 0.7473177313804626 54
1745622730387 0.7478399276733398 55
1745622740246 0.7458910346031189 56
1745622750295 0.7476876378059387 57
1745622760301 0.744936466217041 58
1745622770517 0.7475131750106812 59
1745622780390 0.7465640306472778 60
1745622790190 0.7456592321395874 61
1745622800162 0.7465795874595642 62
1745622810278 0.7476284503936768 63
1745622820253 0.7461044788360596 64
1745622830084 0.7475595474243164 65
1745622839970 0.7481399774551392 66
1745622849922 0.7476089000701904 67
1745622859822 0.7475108504295349 68
1745622869949 0.74785977602005 69
1745622879966 0.747202455997467 70
1745622889764 0.7467001676559448 71
1745622899654 0.7478577494621277 72
1745622909485 0.7480337619781494 73
1745622919399 0.7476363182067871 74
1745622929360 0.7476356029510498 75
1745622939433 0.7467155456542969 76
1745622949454 0.7480754256248474 77
1745622959485 0.7474256753921509 78
1745622969371 0.7481918334960938 79
1745622979287 0.7477160096168518 80
1745622989241 0.7470508217811584 81
1745622999028 0.7465305924415588 82
1745623008945 0.7479344010353088 83
1745623018853 0.7475343346595764 84
1745623028793 0.7475724220275879 85
1745623038710 0.748020350933075 86
1745623048536 0.7466315031051636 87
1745623058810 0.7470869421958923 88
1745623068765 0.7477024793624878 89
1745623078656 0.7485120296478271 90
