1745680846677 7.190012693405151 0
1745680854208 7.101230621337891 1
1745680861717 7.475005388259888 2
1745680869168 7.415022134780884 3
1745680876594 7.388796329498291 4
1745680884085 7.45123291015625 5
1745680891795 7.39892053604126 6
1745680899661 7.446308612823486 7
1745680907282 7.316407680511475 8
1745680914986 7.279943943023682 9
1745680922677 7.390026330947876 10
1745680930409 7.306560277938843 11
1745680937708 7.261782884597778 12
1745680945399 7.253573656082153 13
1745680953047 7.353548765182495 14
1745680960851 7.352442026138306 15
1745680968190 7.304396152496338 16
1745680975421 7.192084312438965 17
1745680983245 7.400052547454834 18
1745680990658 7.377301216125488 19
1745680997956 7.261476993560791 20
1745681005315 7.319692850112915 21
1745681012791 7.436529159545898 22
1745681020415 7.314094066619873 23
1745681028073 7.22894549369812 24
