1745680846677 0.0 0
1745680854208 1.0 1
1745680861717 2.0 2
1745680869168 3.0 3
1745680876594 4.0 4
1745680884085 5.0 5
1745680891795 6.0 6
1745680899661 7.0 7
1745680907282 8.0 8
1745680914986 9.0 9
1745680922677 10.0 10
1745680930409 11.0 11
1745680937708 12.0 12
1745680945399 13.0 13
1745680953047 14.0 14
1745680960851 15.0 15
1745680968190 16.0 16
1745680975421 17.0 17
1745680983245 18.0 18
1745680990658 19.0 19
1745680997956 20.0 20
1745681005315 21.0 21
1745681012791 22.0 22
1745681020415 23.0 23
1745681028073 24.0 24
