1745680846677 0.0013912669382989407 0
1745680854208 0.004560438916087151 1
1745680861717 0.028544386848807335 2
1745680869168 0.10056483745574951 3
1745680876594 0.32089900970458984 4
1745680884085 0.6349343657493591 5
1745680891795 1.3922592401504517 6
1745680899661 2.5370943546295166 7
1745680907282 4.4580535888671875 8
1745680914986 6.239340305328369 9
1745680922677 10.584278106689453 10
1745680930409 15.608498573303223 11
1745680937708 22.67810821533203 12
1745680945399 33.53263854980469 13
1745680953047 46.08540725708008 14
1745680960851 63.68840026855469 15
1745680968190 84.54454040527344 16
1745680975421 98.4042739868164 17
1745680983245 111.66648864746094 18
1745680990658 113.51842498779297 19
1745680997956 119.882080078125 20
1745681005315 149.165283203125 21
1745681012791 138.51864624023438 22
1745681020415 156.89622497558594 23
1745681028073 167.2829132080078 24
