1745680846677 0.004059739410877228 0
1745680854208 0.004061847925186157 1
1745680861717 0.0040388163179159164 2
1745680869168 0.005630461033433676 3
1745680876594 0.019826548174023628 4
1745680884085 0.045012857764959335 5
1745680891795 0.07513703405857086 6
1745680899661 0.10966885834932327 7
1745680907282 0.14632411301136017 8
1745680914986 0.18745334446430206 9
1745680922677 0.2320290207862854 10
1745680930409 0.28113505244255066 11
1745680937708 0.33385106921195984 12
1745680945399 0.3906826376914978 13
1745680953047 0.4502500295639038 14
1745680960851 0.5109308958053589 15
1745680968190 0.5709877014160156 16
1745680975421 0.6262854337692261 17
1745680983245 0.6749857664108276 18
1745680990658 0.7109711766242981 19
1745680997956 0.731135368347168 20
1745681005315 0.7395082116127014 21
1745681012791 0.7427187561988831 22
1745681020415 0.741284966468811 23
1745681028073 0.7399378418922424 24
