1745680846677 40.299949645996094 0
1745680854208 40.29994583129883 1
1745680861717 40.299835205078125 2
1745680869168 40.299400329589844 3
1745680876594 40.29751968383789 4
1745680884085 40.29715347290039 5
1745680891795 40.28759765625 6
1745680899661 40.26716995239258 7
1745680907282 40.26237487792969 8
1745680914986 40.22643280029297 9
1745680922677 40.13357162475586 10
1745680930409 40.07191848754883 11
1745680937708 40.015281677246094 12
1745680945399 39.9818000793457 13
1745680953047 39.651649475097656 14
1745680960851 39.306114196777344 15
1745680968190 39.1186408996582 16
1745680975421 38.67765426635742 17
1745680983245 38.52192687988281 18
1745680990658 38.42330551147461 19
1745680997956 37.81135940551758 20
1745681005315 37.17243957519531 21
1745681012791 37.109169006347656 22
1745681020415 37.09288024902344 23
1745681028073 37.34794616699219 24
