1745680846677 -0.046572230756282806 0
1745680854208 0.05386161431670189 1
1745680861717 0.009855943731963634 2
1745680869168 -0.001526735257357359 3
1745680876594 -0.01808089390397072 4
1745680884085 0.058536142110824585 5
1745680891795 0.1817166954278946 6
1745680899661 0.23532934486865997 7
1745680907282 0.33783650398254395 8
1745680914986 0.4218301773071289 9
1745680922677 0.4667339324951172 10
1745680930409 0.49395033717155457 11
1745680937708 0.4855263829231262 12
1745680945399 0.5524938702583313 13
1745680953047 0.5493541359901428 14
1745680960851 0.5813862681388855 15
1745680968190 0.5507647395133972 16
1745680975421 0.5920047163963318 17
1745680983245 0.5865219235420227 18
1745680990658 0.5952180027961731 19
1745680997956 0.6021811962127686 20
1745681005315 0.6174635291099548 21
1745681012791 0.615822434425354 22
1745681020415 0.6395692825317383 23
1745681028073 0.6359926462173462 24
