1745680846677 0.7483476400375366 0
1745680854208 0.7480186820030212 1
1745680861717 0.7472183704376221 2
1745680869168 0.7468206882476807 3
1745680876594 0.7501285076141357 4
1745680884085 0.7490517497062683 5
1745680891795 0.7458279728889465 6
1745680899661 0.7486339807510376 7
1745680907282 0.7494587302207947 8
1745680914986 0.7489287853240967 9
1745680922677 0.7477747797966003 10
1745680930409 0.7463477849960327 11
1745680937708 0.7491555213928223 12
1745680945399 0.7475712895393372 13
1745680953047 0.748187780380249 14
1745680960851 0.7485417127609253 15
1745680968190 0.7469047904014587 16
1745680975421 0.7476800680160522 17
1745680983245 0.7471892833709717 18
1745680990658 0.7472207546234131 19
1745680997956 0.7485589385032654 20
1745681005315 0.7483867406845093 21
1745681012791 0.7465330362319946 22
1745681020415 0.7491872310638428 23
1745681028073 0.7481010556221008 24
