1745695463943 7.052608966827393 0
1745695471420 7.095943212509155 1
1745695478669 7.215588808059692 2
1745695486460 7.498817443847656 3
1745695494069 7.191169500350952 4
1745695501372 7.269560098648071 5
1745695509102 7.3152756690979 6
1745695516389 7.252643346786499 7
1745695524218 7.420691967010498 8
1745695531561 7.30769681930542 9
1745695539108 7.511162996292114 10
1745695546494 7.348757266998291 11
1745695554073 7.5410237312316895 12
1745695561310 7.198843240737915 13
1745695568824 7.473828554153442 14
1745695576314 7.4501402378082275 15
1745695583819 7.464485168457031 16
1745695591324 7.464242219924927 17
1745695598814 7.449065685272217 18
1745695606363 7.507215976715088 19
1745695613921 7.515990734100342 20
1745695621450 7.487503528594971 21
1745695629030 7.535458087921143 22
1745695636659 7.585551738739014 23
1745695644336 7.630491256713867 24
