1745695463943 0.0 0
1745695471420 1.0 1
1745695478669 2.0 2
1745695486460 3.0 3
1745695494069 4.0 4
1745695501372 5.0 5
1745695509102 6.0 6
1745695516389 7.0 7
1745695524218 8.0 8
1745695531561 9.0 9
1745695539108 10.0 10
1745695546494 11.0 11
1745695554073 12.0 12
1745695561310 13.0 13
1745695568824 14.0 14
1745695576314 15.0 15
1745695583819 16.0 16
1745695591324 17.0 17
1745695598814 18.0 18
1745695606363 19.0 19
1745695613921 20.0 20
1745695621450 21.0 21
1745695629030 22.0 22
1745695636659 23.0 23
1745695644336 24.0 24
