1745695463943 0.058921389281749725 0
1745695471420 1.388110637664795 1
1745695478669 18.25166893005371 2
1745695486460 74.89820861816406 3
1745695494069 78.35404968261719 4
1745695501372 70.72267150878906 5
1745695509102 83.79129791259766 6
1745695516389 91.10266876220703 7
1745695524218 94.04876708984375 8
1745695531561 94.7849349975586 9
1745695539108 98.8028564453125 10
1745695546494 109.2841796875 11
1745695554073 112.72681427001953 12
1745695561310 97.08309173583984 13
1745695568824 88.09996032714844 14
1745695576314 91.29393768310547 15
1745695583819 85.2906723022461 16
1745695591324 98.30671691894531 17
1745695598814 82.95503234863281 18
1745695606363 81.86955261230469 19
1745695613921 79.9002914428711 20
1745695621450 79.2368392944336 21
1745695629030 79.31970977783203 22
1745695636659 79.2720947265625 23
1745695644336 83.17363739013672 24
