1745695463943 0.03511428087949753 0
1745695471420 0.07344715297222137 1
1745695478669 0.30105316638946533 2
1745695486460 0.6802253723144531 3
1745695494069 0.7395094633102417 4
1745695501372 0.741291344165802 5
1745695509102 0.7484183311462402 6
1745695516389 0.7388035655021667 7
1745695524218 0.7545458078384399 8
1745695531561 0.7411395907402039 9
1745695539108 0.7459736466407776 10
1745695546494 0.7487409114837646 11
1745695554073 0.7478166818618774 12
1745695561310 0.7475943565368652 13
1745695568824 0.7425124049186707 14
1745695576314 0.7457398176193237 15
1745695583819 0.7479543089866638 16
1745695591324 0.748572826385498 17
1745695598814 0.7461788058280945 18
1745695606363 0.7433523535728455 19
1745695613921 0.7450550198554993 20
1745695621450 0.7432433366775513 21
1745695629030 0.7486734986305237 22
1745695636659 0.7480350732803345 23
1745695644336 0.7426213622093201 24
