1745695463943 40.29900360107422 0
1745695471420 40.237754821777344 1
1745695478669 39.5783805847168 2
1745695486460 38.51307678222656 3
1745695494069 36.73972702026367 4
1745695501372 34.11982345581055 5
1745695509102 36.514190673828125 6
1745695516389 33.9489631652832 7
1745695524218 35.722511291503906 8
1745695531561 32.375648498535156 9
1745695539108 31.946086883544922 10
1745695546494 34.02000427246094 11
1745695554073 30.143726348876953 12
1745695561310 33.00493621826172 13
1745695568824 27.951900482177734 14
1745695576314 31.915687561035156 15
1745695583819 32.329627990722656 16
1745695591324 32.21495819091797 17
1745695598814 30.92106056213379 18
1745695606363 32.26280212402344 19
1745695613921 28.976362228393555 20
1745695621450 30.871906280517578 21
1745695629030 29.934803009033203 22
1745695636659 29.797767639160156 23
1745695644336 30.911468505859375 24
