1745695463943 0.03325489163398743 0
1745695471420 0.06508629769086838 1
1745695478669 0.25103968381881714 2
1745695486460 0.36579468846321106 3
1745695494069 0.43620166182518005 4
1745695501372 0.48182711005210876 5
1745695509102 0.4728427529335022 6
1745695516389 0.49924466013908386 7
1745695524218 0.5209475755691528 8
1745695531561 0.5281288623809814 9
1745695539108 0.5566810965538025 10
1745695546494 0.573625922203064 11
1745695554073 0.5808799862861633 12
1745695561310 0.5681025385856628 13
1745695568824 0.5973366498947144 14
1745695576314 0.5900740027427673 15
1745695583819 0.5866184830665588 16
1745695591324 0.6008188128471375 17
1745695598814 0.6048756241798401 18
1745695606363 0.610472559928894 19
1745695613921 0.6082732081413269 20
1745695621450 0.6009010076522827 21
1745695629030 0.6049374938011169 22
1745695636659 0.6083126068115234 23
1745695644336 0.625525951385498 24
