1745695463943 0.7466832399368286 0
1745695471420 0.74580317735672 1
1745695478669 0.7451860308647156 2
1745695486460 0.7440704703330994 3
1745695494069 0.7456244826316833 4
1745695501372 0.7451171278953552 5
1745695509102 0.7445652484893799 6
1745695516389 0.7473022937774658 7
1745695524218 0.7449012994766235 8
1745695531561 0.7449605464935303 9
1745695539108 0.7458793520927429 10
1745695546494 0.7456763982772827 11
1745695554073 0.7464073300361633 12
1745695561310 0.748799204826355 13
1745695568824 0.7454347014427185 14
1745695576314 0.7451470494270325 15
1745695583819 0.7459437847137451 16
1745695591324 0.7459779381752014 17
1745695598814 0.7467568516731262 18
1745695606363 0.7451927065849304 19
1745695613921 0.7463749051094055 20
1745695621450 0.7449941635131836 21
1745695629030 0.7456222176551819 22
1745695636659 0.7455747723579407 23
1745695644336 0.7459481358528137 24
