1745618812997 9.668728113174438 0
1745618822827 9.492653608322144 1
1745618832590 9.722972631454468 2
1745618842409 9.775614500045776 3
1745618852016 9.562739849090576 4
1745618861806 9.743450164794922 5
1745618871440 9.588123559951782 6
1745618881562 9.750681638717651 7
1745618891842 9.749187231063843 8
1745618901849 9.642261028289795 9
1745618911891 9.509725332260132 10
1745618921432 9.497390985488892 11
1745618931652 9.68109917640686 12
1745618941546 9.532585859298706 13
1745618951049 9.46155071258545 14
1745618961163 9.598730087280273 15
1745618970559 9.35463285446167 16
1745618980118 9.515709400177002 17
1745618990234 9.585671186447144 18
1745619000162 9.562158584594727 19
1745619010337 9.668112516403198 20
1745619020309 9.602102041244507 21
1745619030313 9.483201265335083 22
1745619040476 9.651926517486572 23
1745619050069 9.546928405761719 24
