1745618812997 0.0 0
1745618822827 1.0 1
1745618832590 2.0 2
1745618842409 3.0 3
1745618852016 4.0 4
1745618861806 5.0 5
1745618871440 6.0 6
1745618881562 7.0 7
1745618891842 8.0 8
1745618901849 9.0 9
1745618911891 10.0 10
1745618921432 11.0 11
1745618931652 12.0 12
1745618941546 13.0 13
1745618951049 14.0 14
1745618961163 15.0 15
1745618970559 16.0 16
1745618980118 17.0 17
1745618990234 18.0 18
1745619000162 19.0 19
1745619010337 20.0 20
1745619020309 21.0 21
1745619030313 22.0 22
1745619040476 23.0 23
1745619050069 24.0 24
