1745618812997 0.0022012582048773766 0
1745618822827 0.0034103640355169773 1
1745618832590 0.009928371757268906 2
1745618842409 0.06501416862010956 3
1745618852016 0.1666630506515503 4
1745618861806 0.35016533732414246 5
1745618871440 0.7313971519470215 6
1745618881562 1.3299455642700195 7
1745618891842 2.2158288955688477 8
1745618901849 4.060388088226318 9
1745618911891 6.84517240524292 10
1745618921432 10.44497013092041 11
1745618931652 16.675132751464844 12
1745618941546 25.398963928222656 13
1745618951049 39.635643005371094 14
1745618961163 54.48357009887695 15
1745618970559 70.23943328857422 16
1745618980118 78.36073303222656 17
1745618990234 86.68690490722656 18
1745619000162 100.59940338134766 19
1745619010337 106.43102264404297 20
1745619020309 132.74366760253906 21
1745619030313 125.07876586914062 22
1745619040476 136.47080993652344 23
1745619050069 165.49476623535156 24
