1745618812997 -0.003999375272542238 0
1745618822827 -0.00410626083612442 1
1745618832590 -0.003802662482485175 2
1745618842409 -0.001410011318512261 3
1745618852016 0.009324083104729652 4
1745618861806 0.03141345456242561 5
1745618871440 0.06380397826433182 6
1745618881562 0.10037069767713547 7
1745618891842 0.14206691086292267 8
1745618901849 0.18879227340221405 9
1745618911891 0.2403077632188797 10
1745618921432 0.2963469326496124 11
1745618931652 0.35468149185180664 12
1745618941546 0.4153731167316437 13
1745618951049 0.47961825132369995 14
1745618961163 0.5423635244369507 15
1745618970559 0.6052930355072021 16
1745618980118 0.6639791131019592 17
1745618990234 0.7052922248840332 18
1745619000162 0.7294220924377441 19
1745619010337 0.7372069358825684 20
1745619020309 0.7367772459983826 21
1745619030313 0.7353224158287048 22
1745619040476 0.7366577386856079 23
1745619050069 0.7392005920410156 24
