1745618812997 40.299949645996094 0
1745618822827 40.299949645996094 1
1745618832590 40.29994583129883 2
1745618842409 40.299896240234375 3
1745618852016 40.299198150634766 4
1745618861806 40.29673767089844 5
1745618871440 40.29606246948242 6
1745618881562 40.284942626953125 7
1745618891842 40.27836227416992 8
1745618901849 40.24048614501953 9
1745618911891 40.185482025146484 10
1745618921432 40.14024353027344 11
1745618931652 40.01893615722656 12
1745618941546 40.04444122314453 13
1745618951049 39.60445022583008 14
1745618961163 39.410011291503906 15
1745618970559 39.23912048339844 16
1745618980118 38.83995819091797 17
1745618990234 38.60591125488281 18
1745619000162 38.143436431884766 19
1745619010337 38.18593978881836 20
1745619020309 36.9206657409668 21
1745619030313 37.87083435058594 22
1745619040476 36.75581741333008 23
1745619050069 36.12125015258789 24
