1745618812997 -0.04858919978141785 0
1745618822827 0.06939513236284256 1
1745618832590 0.012861249037086964 2
1745618842409 0.02046370692551136 3
1745618852016 0.09238875657320023 4
1745618861806 0.1567734032869339 5
1745618871440 0.23276221752166748 6
1745618881562 0.34802910685539246 7
1745618891842 0.4180644750595093 8
1745618901849 0.43913739919662476 9
1745618911891 0.48184508085250854 10
1745618921432 0.5409742593765259 11
1745618931652 0.5312597155570984 12
1745618941546 0.5507650375366211 13
1745618951049 0.5536785125732422 14
1745618961163 0.5672765374183655 15
1745618970559 0.5607967376708984 16
1745618980118 0.5858176350593567 17
1745618990234 0.5710263848304749 18
1745619000162 0.5840600728988647 19
1745619010337 0.5919397473335266 20
1745619020309 0.6123381853103638 21
1745619030313 0.631596565246582 22
1745619040476 0.6282098293304443 23
1745619050069 0.6154969930648804 24
