1745618812997 0.744499683380127 0
1745618822827 0.745345950126648 1
1745618832590 0.7436850666999817 2
1745618842409 0.7448273301124573 3
1745618852016 0.7447899580001831 4
1745618861806 0.7456382513046265 5
1745618871440 0.7441787123680115 6
1745618881562 0.7437399625778198 7
1745618891842 0.7480124235153198 8
1745618901849 0.7456449866294861 9
1745618911891 0.7449533939361572 10
1745618921432 0.7455134391784668 11
1745618931652 0.7437067031860352 12
1745618941546 0.7451937794685364 13
1745618951049 0.7463085651397705 14
1745618961163 0.7443386316299438 15
1745618970559 0.7453405857086182 16
1745618980118 0.7447978854179382 17
1745618990234 0.745369553565979 18
1745619000162 0.7467418909072876 19
1745619010337 0.7443112730979919 20
1745619020309 0.7444471120834351 21
1745619030313 0.7455001473426819 22
1745619040476 0.7440100312232971 23
1745619050069 0.7460682988166809 24
