1744900869607 6.653291940689087 0
1744900876605 6.597087144851685 1
1744900883427 6.789381742477417 2
1744900890236 6.7768120765686035 3
1744900897034 6.766016483306885 4
1744900904109 7.0416669845581055 5
1744900911738 7.343284368515015 6
1744900920990 8.830307006835938 7
1744900928832 7.5391435623168945 8
1744900935939 6.690150499343872 9
1744900942932 6.713408470153809 10
1744900949727 6.760337591171265 11
1744900956567 6.807941675186157 12
1744900963436 6.833829402923584 13
1744900970461 6.736753702163696 14
1744900977234 6.737795114517212 15
1744900984052 6.783953428268433 16
1744900990806 6.718207359313965 17
1744900997882 6.669063091278076 18
1744901005103 6.825199127197266 19
1744901011791 6.654750108718872 20
1744901018594 6.7717790603637695 21
1744901025296 6.668355703353882 22
1744901032057 6.727337837219238 23
1744901038910 6.816709518432617 24
