1744900869607 0.0 0
1744900876605 1.0 1
1744900883427 2.0 2
1744900890236 3.0 3
1744900897034 4.0 4
1744900904109 5.0 5
1744900911738 6.0 6
1744900920990 7.0 7
1744900928832 8.0 8
1744900935939 9.0 9
1744900942932 10.0 10
1744900949727 11.0 11
1744900956567 12.0 12
1744900963436 13.0 13
1744900970461 14.0 14
1744900977234 15.0 15
1744900984052 16.0 16
1744900990806 17.0 17
1744900997882 18.0 18
1744901005103 19.0 19
1744901011791 20.0 20
1744901018594 21.0 21
1744901025296 22.0 22
1744901032057 23.0 23
1744901038910 24.0 24
