1744900869607 0.0019028608221560717 0
1744900876605 0.002320279832929373 1
1744900883427 0.0033954104874283075 2
1744900890236 0.04945026710629463 3
1744900897034 0.22429786622524261 4
1744900904109 0.5797767639160156 5
1744900911738 1.0926077365875244 6
1744900920990 1.8518927097320557 7
1744900928832 3.25201678276062 8
1744900935939 5.684317588806152 9
1744900942932 8.925116539001465 10
1744900949727 14.28177261352539 11
1744900956567 22.46262550354004 12
1744900963436 35.56822967529297 13
1744900970461 47.62505340576172 14
1744900977234 57.97066116333008 15
1744900984052 61.4559326171875 16
1744900990806 71.4322738647461 17
1744900997882 91.63235473632812 18
1744901005103 101.626220703125 19
1744901011791 108.37384796142578 20
1744901018594 135.3574676513672 21
1744901025296 132.0809326171875 22
1744901032057 141.4612579345703 23
1744901038910 162.97401428222656 24
