1744900869607 0.07367810606956482 0
1744900876605 0.07399825006723404 1
1744900883427 0.07484567165374756 2
1744900890236 0.07770518958568573 3
1744900897034 0.09545523673295975 4
1744900904109 0.12309269607067108 5
1744900911738 0.15626198053359985 6
1744900920990 0.19345057010650635 7
1744900928832 0.23522953689098358 8
1744900935939 0.2817773222923279 9
1744900942932 0.3322470486164093 10
1744900949727 0.38653284311294556 11
1744900956567 0.4451678395271301 12
1744900963436 0.5073241591453552 13
1744900970461 0.5691843032836914 14
1744900977234 0.6287579536437988 15
1744900984052 0.6772181391716003 16
1744900990806 0.717306911945343 17
1744900997882 0.7336976528167725 18
1744901005103 0.7389958500862122 19
1744901011791 0.7439059019088745 20
1744901018594 0.7379860281944275 21
1744901025296 0.7419267296791077 22
1744901032057 0.740950345993042 23
1744901038910 0.740179181098938 24
