1744900869607 40.299949645996094 0
1744900876605 40.299949645996094 1
1744900883427 40.299949645996094 2
1744900890236 40.299739837646484 3
1744900897034 40.29863739013672 4
1744900904109 40.296627044677734 5
1744900911738 40.29133987426758 6
1744900920990 40.2847785949707 7
1744900928832 40.268882751464844 8
1744900935939 40.26374816894531 9
1744900942932 40.219215393066406 10
1744900949727 40.14590072631836 11
1744900956567 40.031368255615234 12
1744900963436 39.85504150390625 13
1744900970461 39.68793869018555 14
1744900977234 39.7198600769043 15
1744900984052 39.24101638793945 16
1744900990806 38.79671859741211 17
1744900997882 38.811248779296875 18
1744901005103 38.479835510253906 19
1744901011791 38.05786895751953 20
1744901018594 37.884864807128906 21
1744901025296 37.30312728881836 22
1744901032057 37.68678665161133 23
1744901038910 36.78825759887695 24
