1744900869607 0.0326119028031826 0
1744900876605 0.07454457879066467 1
1744900883427 -0.019780317321419716 2
1744900890236 0.010484165512025356 3
1744900897034 0.09825793653726578 4
1744900904109 0.19870302081108093 5
1744900911738 0.26902127265930176 6
1744900920990 0.39885443449020386 7
1744900928832 0.4337737262248993 8
1744900935939 0.47162333130836487 9
1744900942932 0.5276814699172974 10
1744900949727 0.534125804901123 11
1744900956567 0.5709857940673828 12
1744900963436 0.5618550777435303 13
1744900970461 0.5861555337905884 14
1744900977234 0.568397581577301 15
1744900984052 0.6042869687080383 16
1744900990806 0.6115573048591614 17
1744900997882 0.6108130216598511 18
1744901005103 0.61662757396698 19
1744901011791 0.6145097613334656 20
1744901018594 0.6118082404136658 21
1744901025296 0.6296878457069397 22
1744901032057 0.6451748013496399 23
1744901038910 0.624922513961792 24
