1744900869607 0.7449244260787964 0
1744900876605 0.7463171482086182 1
1744900883427 0.744489312171936 2
1744900890236 0.7447646260261536 3
1744900897034 0.7441494464874268 4
1744900904109 0.7443733811378479 5
1744900911738 0.7452409863471985 6
1744900920990 0.7460281252861023 7
1744900928832 0.7438885569572449 8
1744900935939 0.7454542517662048 9
1744900942932 0.7437301278114319 10
1744900949727 0.7444272041320801 11
1744900956567 0.744585394859314 12
1744900963436 0.7434524893760681 13
1744900970461 0.7459169626235962 14
1744900977234 0.7452810406684875 15
1744900984052 0.7453218698501587 16
1744900990806 0.7447143197059631 17
1744900997882 0.7430241107940674 18
1744901005103 0.7450905442237854 19
1744901011791 0.7427483201026917 20
1744901018594 0.7451947927474976 21
1744901025296 0.7449842691421509 22
1744901032057 0.7443727254867554 23
1744901038910 0.7452685832977295 24
