1745626115198 9.662164211273193 0
1745626125455 9.76704454421997 1
1745626135169 9.675008535385132 2
1745626144988 9.77756953239441 3
1745626155117 10.0793776512146 4
1745626165254 10.091530323028564 5
1745626175773 9.99419641494751 6
1745626186097 9.939849615097046 7
1745626196482 9.837210655212402 8
1745626206966 9.969800472259521 9
1745626217395 10.052576780319214 10
1745626227385 9.94652271270752 11
1745626237743 9.805248260498047 12
1745626247880 9.765014171600342 13
1745626257859 9.93447232246399 14
