1745626115198 0.0010506266262382269 0
1745626125455 0.0014801286160945892 1
1745626135169 0.005665273871272802 2
1745626144988 0.08110647648572922 3
1745626155117 0.257207989692688 4
1745626165254 0.5544677972793579 5
1745626175773 1.1586703062057495 6
1745626186097 1.8679546117782593 7
1745626196482 3.3548755645751953 8
1745626206966 5.57921028137207 9
1745626217395 9.692594528198242 10
1745626227385 15.767581939697266 11
1745626237743 24.380840301513672 12
1745626247880 37.3795166015625 13
1745626257859 51.40937042236328 14
