1745626115198 0.036160826683044434 0
1745626125455 0.036225978285074234 1
1745626135169 0.03598225116729736 2
1745626144988 0.03925745189189911 3
1745626155117 0.059920765459537506 4
1745626165254 0.0890272930264473 5
1745626175773 0.12310830503702164 6
1745626186097 0.16173073649406433 7
1745626196482 0.20531503856182098 8
1745626206966 0.2533416748046875 9
1745626217395 0.30586257576942444 10
1745626227385 0.36199796199798584 11
1745626237743 0.4221048951148987 12
1745626247880 0.4855247437953949 13
1745626257859 0.549774169921875 14
