1745626115198 40.299949645996094 0
1745626125455 40.299949645996094 1
1745626135169 40.29994201660156 2
1745626144988 40.29944610595703 3
1745626155117 40.2982063293457 4
1745626165254 40.29659652709961 5
1745626175773 40.28768539428711 6
1745626186097 40.27891540527344 7
1745626196482 40.256839752197266 8
1745626206966 40.24595260620117 9
1745626217395 40.18256378173828 10
1745626227385 40.17354202270508 11
1745626237743 39.97862243652344 12
1745626247880 39.841796875 13
1745626257859 39.4955940246582 14
