1745626115198 -0.01826201006770134 0
1745626125455 0.0179580207914114 1
1745626135169 0.07695891708135605 2
1745626144988 -0.02130068838596344 3
1745626155117 0.07264294475317001 4
1745626165254 0.18183904886245728 5
1745626175773 0.2382243573665619 6
1745626186097 0.33150702714920044 7
1745626196482 0.42266249656677246 8
1745626206966 0.4659534692764282 9
1745626217395 0.49675440788269043 10
1745626227385 0.5063841342926025 11
1745626237743 0.5390256643295288 12
1745626247880 0.559380829334259 13
1745626257859 0.5684646964073181 14
