1745626115198 0.7450422048568726 0
1745626125455 0.7444252371788025 1
1745626135169 0.7454805374145508 2
1745626144988 0.7451280355453491 3
1745626155117 0.7453268766403198 4
1745626165254 0.7445330619812012 5
1745626175773 0.7465962171554565 6
1745626186097 0.7451815605163574 7
1745626196482 0.744730532169342 8
1745626206966 0.7459766268730164 9
1745626217395 0.7459625005722046 10
1745626227385 0.7442559599876404 11
1745626237743 0.7447817325592041 12
1745626247880 0.7453932166099548 13
1745626257859 0.7449465990066528 14
