2.7052e-01
2.4658e-01
2.5899e-01
2.3914e-01
2.6457e-01
2.3783e-01
2.4399e-01
2.7186e-01
2.4094e-01
2.4262e-01
2.5670e-01
2.2000e-01
2.3935e-01
2.4864e-01
2.3841e-01
2.4965e-01
2.4980e-01
2.4418e-01
2.3839e-01
2.4531e-01
2.4236e-01
2.7198e-01
2.4099e-01
2.8543e-01
2.4475e-01
2.5088e-01
2.4575e-01
2.7186e-01
2.6456e-01
2.3447e-01
2.3272e-01
2.4247e-01
2.4962e-01
2.5345e-01
2.3339e-01
2.4737e-01
2.5087e-01
2.4035e-01
2.5746e-01
2.4162e-01
2.7943e-01
2.5034e-01
2.7552e-01
2.6030e-01
2.4617e-01
2.5915e-01
2.7008e-01
2.4651e-01
2.5601e-01
2.4289e-01
2.5870e-01
2.4236e-01
2.7940e-01
2.4674e-01
2.5087e-01
2.6456e-01
2.4325e-01
2.4962e-01
2.4517e-01
2.4262e-01
2.4950e-01
2.4590e-01
2.5862e-01
2.5862e-01
2.4578e-01
2.4222e-01
2.4883e-01
2.3479e-01
2.4946e-01
2.4651e-01
2.4590e-01
2.5056e-01
2.7354e-01
2.4419e-01
2.7170e-01
2.4221e-01
2.7778e-01
2.4094e-01
2.4419e-01
2.8248e-01
2.5029e-01
2.5914e-01
2.4062e-01
2.4099e-01
2.5729e-01
2.6259e-01
2.5914e-01
2.5643e-01
2.4559e-01
2.5899e-01
2.5643e-01
2.6716e-01
2.4976e-01
2.5655e-01
2.4561e-01
2.4820e-01
2.4088e-01
2.8456e-01
2.4465e-01
2.5595e-01
2.4309e-01
2.5274e-01
2.5116e-01
2.5268e-01
2.4081e-01
2.5870e-01
2.5336e-01
2.4673e-01
2.4465e-01
2.4946e-01
2.3291e-01
2.3965e-01
2.4372e-01
2.8251e-01
2.5316e-01
2.3677e-01
2.6305e-01
2.8272e-01
2.2676e-01
2.7909e-01
2.4427e-01
2.4418e-01
2.6053e-01
2.9248e-01
2.4162e-01
2.5626e-01
2.5595e-01
2.4265e-01
2.3636e-01
2.4247e-01
2.4980e-01
2.4510e-01
2.7495e-01
2.4349e-01
2.7963e-01
2.6784e-01
2.5729e-01
2.4965e-01
2.6768e-01
2.3790e-01
2.2725e-01
2.5874e-01
2.5222e-01
2.4290e-01
2.5569e-01
2.5336e-01
2.4372e-01
2.3616e-01
2.4717e-01
2.8272e-01
2.4309e-01
2.2676e-01
2.4510e-01
2.5794e-01
2.3339e-01
2.5644e-01
2.5399e-01
2.4265e-01
2.2508e-01
2.3477e-01
2.6296e-01
2.7171e-01
2.7963e-01
2.3659e-01
2.3887e-01
2.3869e-01
2.3394e-01
2.3549e-01
2.3447e-01
2.5096e-01
2.4072e-01
2.3482e-01
2.4271e-01
2.3616e-01
2.5383e-01
2.5240e-01
2.3291e-01
2.7400e-01
2.4844e-01
2.5268e-01
2.3272e-01
2.6305e-01
2.7542e-01
2.4531e-01
2.6120e-01
2.4265e-01
2.4883e-01
2.3887e-01
2.6030e-01
2.3648e-01
2.3142e-01
2.6768e-01
2.8825e-01
2.2000e-01
2.3629e-01
2.7495e-01
2.4673e-01
2.5655e-01
2.6784e-01
2.4477e-01
2.4081e-01
2.4684e-01
2.3033e-01
2.4427e-01
2.6001e-01
2.6457e-01
2.4325e-01
2.4820e-01
2.6629e-01
2.4405e-01
2.4361e-01
2.3482e-01
2.4173e-01
2.3648e-01
2.6618e-01
2.5240e-01
2.4399e-01
2.5222e-01
2.6053e-01
2.5461e-01
2.7171e-01
2.4349e-01
2.7940e-01
2.5143e-01
2.3935e-01
2.4361e-01
2.4561e-01
2.6007e-01
2.7008e-01
2.4520e-01
2.5738e-01
2.5453e-01
2.5738e-01
2.5635e-01
2.7198e-01
2.4035e-01
2.9248e-01
2.3958e-01
2.3783e-01
2.4950e-01
2.6934e-01
2.4287e-01
2.5345e-01
2.3469e-01
2.8396e-01
2.5670e-01
2.2508e-01
2.5056e-01
2.3479e-01
2.4517e-01
2.3958e-01
2.7809e-01
2.5779e-01
2.5116e-01
2.3860e-01
2.5622e-01
2.4475e-01
2.4507e-01
2.4864e-01
2.4062e-01
2.5461e-01
2.4236e-01
2.5874e-01
2.5407e-01
2.4617e-01
2.5794e-01
2.3841e-01
2.4565e-01
2.5055e-01
2.9349e-01
2.5148e-01
2.4520e-01
2.5569e-01
2.5148e-01
2.3033e-01
2.4864e-01
2.4674e-01
2.4313e-01
2.6001e-01
2.4857e-01
2.5029e-01
2.6629e-01
2.4072e-01
2.4565e-01
2.4088e-01
2.4290e-01
2.3790e-01
2.7170e-01
2.3914e-01
2.3142e-01
2.3965e-01
2.7453e-01
2.4405e-01
2.4507e-01
2.5143e-01
2.4857e-01
2.5407e-01
2.9349e-01
2.5430e-01
2.4313e-01
2.4236e-01
2.3629e-01
2.5679e-01
2.6618e-01
2.3677e-01
2.4717e-01
2.3869e-01
2.5274e-01
2.5399e-01
2.5644e-01
2.6296e-01
2.7052e-01
2.7171e-01
2.3559e-01
2.5088e-01
2.6716e-01
2.4578e-01
2.2725e-01
2.3636e-01
2.5034e-01
2.3549e-01
2.5601e-01
2.8456e-01
2.4864e-01
2.5458e-01
2.5779e-01
2.5746e-01
2.6109e-01
2.3469e-01
2.5319e-01
2.5319e-01
2.7400e-01
2.5055e-01
