5.8250e-01
5.4148e-01
5.7871e-01
5.4231e-01
5.7277e-01
5.5577e-01
5.6828e-01
5.7907e-01
5.6172e-01
5.7072e-01
5.8305e-01
5.3143e-01
5.4159e-01
5.5223e-01
5.4375e-01
5.5985e-01
5.5101e-01
5.5807e-01
5.4465e-01
5.5480e-01
5.5961e-01
5.8018e-01
5.3890e-01
5.7714e-01
5.5860e-01
5.7064e-01
5.5398e-01
5.7907e-01
5.7108e-01
5.3441e-01
5.5530e-01
5.5101e-01
5.5519e-01
5.6684e-01
5.6278e-01
5.5751e-01
5.6471e-01
5.4039e-01
5.7355e-01
5.5680e-01
5.7265e-01
5.5553e-01
5.7718e-01
5.6747e-01
5.5888e-01
5.6756e-01
5.6754e-01
5.6295e-01
5.6220e-01
5.5030e-01
5.6318e-01
5.4724e-01
5.7557e-01
5.5860e-01
5.6471e-01
5.7108e-01
5.5834e-01
5.5519e-01
5.4316e-01
5.7072e-01
5.6616e-01
5.4482e-01
5.7690e-01
5.7690e-01
5.8006e-01
5.4976e-01
5.3501e-01
5.4233e-01
5.7879e-01
5.6295e-01
5.4482e-01
5.7220e-01
5.7970e-01
5.4149e-01
5.7921e-01
5.4257e-01
5.7981e-01
5.6172e-01
5.4149e-01
5.8697e-01
5.5324e-01
5.6076e-01
5.5500e-01
5.3890e-01
5.6850e-01
5.7736e-01
5.6076e-01
5.8184e-01
5.6468e-01
5.7871e-01
5.8184e-01
5.7041e-01
5.7511e-01
5.8376e-01
5.6008e-01
5.5905e-01
5.1923e-01
5.9193e-01
5.7223e-01
5.6481e-01
5.4210e-01
5.6021e-01
5.6043e-01
5.6667e-01
5.5341e-01
5.6318e-01
5.6927e-01
5.4819e-01
5.7223e-01
5.7879e-01
5.4335e-01
5.5707e-01
5.5917e-01
5.7959e-01
5.5111e-01
5.5123e-01
5.6822e-01
5.7238e-01
5.5830e-01
5.7678e-01
5.6594e-01
5.5807e-01
5.8290e-01
5.8538e-01
5.5680e-01
5.6707e-01
5.6481e-01
5.6032e-01
5.5077e-01
5.5101e-01
5.5101e-01
5.5783e-01
5.7950e-01
5.3473e-01
5.8795e-01
5.7670e-01
5.6850e-01
5.5985e-01
5.8031e-01
5.6459e-01
5.7524e-01
5.6403e-01
5.6210e-01
5.6064e-01
5.4697e-01
5.6927e-01
5.5917e-01
5.4975e-01
5.6174e-01
5.7238e-01
5.4210e-01
5.5830e-01
5.5783e-01
5.5678e-01
5.6278e-01
5.6770e-01
5.5608e-01
5.5915e-01
5.3227e-01
5.4078e-01
5.7014e-01
5.9209e-01
5.8795e-01
5.3845e-01
5.5793e-01
5.4381e-01
5.4109e-01
5.4145e-01
5.3441e-01
5.4361e-01
5.4350e-01
5.4488e-01
5.3559e-01
5.4975e-01
5.5984e-01
5.6387e-01
5.4335e-01
5.8394e-01
5.4999e-01
5.6667e-01
5.5530e-01
5.6822e-01
5.8169e-01
5.5480e-01
5.8043e-01
5.6032e-01
5.3501e-01
5.5793e-01
5.6747e-01
5.4346e-01
5.4495e-01
5.8031e-01
5.8958e-01
5.3143e-01
5.5816e-01
5.7950e-01
5.4819e-01
5.8376e-01
5.7670e-01
5.5955e-01
5.5341e-01
5.6395e-01
5.5128e-01
5.6594e-01
5.7421e-01
5.7277e-01
5.5834e-01
5.5905e-01
5.7659e-01
5.5068e-01
5.4669e-01
5.4488e-01
5.5173e-01
5.4346e-01
5.9522e-01
5.6387e-01
5.6828e-01
5.6210e-01
5.8290e-01
5.6406e-01
5.7840e-01
5.3473e-01
5.7557e-01
5.5685e-01
5.4159e-01
5.4669e-01
5.6008e-01
5.8022e-01
5.6754e-01
5.5689e-01
5.6994e-01
5.6482e-01
5.6994e-01
5.6539e-01
5.8018e-01
5.4039e-01
5.8538e-01
5.4983e-01
5.5577e-01
5.6616e-01
5.6285e-01
5.5874e-01
5.6684e-01
5.6098e-01
5.7956e-01
5.8305e-01
5.3227e-01
5.7220e-01
5.4233e-01
5.4316e-01
5.4983e-01
5.8272e-01
5.6525e-01
5.6043e-01
5.5362e-01
5.6120e-01
5.5860e-01
5.7151e-01
5.5876e-01
5.5500e-01
5.6406e-01
5.4724e-01
5.6403e-01
5.6064e-01
5.5888e-01
5.5678e-01
5.4375e-01
5.5506e-01
5.6363e-01
5.9561e-01
5.5971e-01
5.5689e-01
5.4697e-01
5.5971e-01
5.5128e-01
5.5223e-01
5.5860e-01
5.5773e-01
5.7421e-01
5.6375e-01
5.5324e-01
5.7659e-01
5.4350e-01
5.5506e-01
5.1923e-01
5.6064e-01
5.6459e-01
5.7921e-01
5.4231e-01
5.4495e-01
5.5707e-01
5.8055e-01
5.5068e-01
5.7151e-01
5.5685e-01
5.6375e-01
5.6064e-01
5.9561e-01
5.7458e-01
5.5773e-01
5.5961e-01
5.5816e-01
5.5676e-01
5.9522e-01
5.5123e-01
5.6174e-01
5.4381e-01
5.6021e-01
5.5608e-01
5.6770e-01
5.7014e-01
5.8250e-01
5.7840e-01
5.6597e-01
5.7064e-01
5.7041e-01
5.8006e-01
5.7524e-01
5.5077e-01
5.5553e-01
5.4145e-01
5.6220e-01
5.9193e-01
5.5876e-01
5.6415e-01
5.6525e-01
5.7355e-01
5.6969e-01
5.6098e-01
5.6668e-01
5.6668e-01
5.8394e-01
5.6363e-01
