1745679864302 7.1439313888549805 0
1745679871917 7.345960378646851 1
1745679879204 7.253275156021118 2
1745679886612 7.371734380722046 3
1745679893854 7.206570625305176 4
1745679901166 7.276286840438843 5
1745679908436 7.234038591384888 6
1745679915998 7.267293453216553 7
1745679923644 7.203833818435669 8
1745679931163 7.228228569030762 9
1745679938325 7.126407623291016 10
1745679945854 7.099236965179443 11
1745679953469 7.204683542251587 12
1745679961122 7.358819961547852 13
1745679968314 7.156706094741821 14
1745679975685 7.334731817245483 15
1745679983297 7.196267366409302 16
1745679991115 7.395495891571045 17
1745679998358 7.208099126815796 18
1745680005846 7.183779001235962 19
1745680013032 7.150457143783569 20
1745680020409 7.3416783809661865 21
1745680027795 7.347949743270874 22
1745680035227 7.3930158615112305 23
1745680042542 7.2749340534210205 24
