1745679864302 0.0 0
1745679871917 1.0 1
1745679879204 2.0 2
1745679886612 3.0 3
1745679893854 4.0 4
1745679901166 5.0 5
1745679908436 6.0 6
1745679915998 7.0 7
1745679923644 8.0 8
1745679931163 9.0 9
1745679938325 10.0 10
1745679945854 11.0 11
1745679953469 12.0 12
1745679961122 13.0 13
1745679968314 14.0 14
1745679975685 15.0 15
1745679983297 16.0 16
1745679991115 17.0 17
1745679998358 18.0 18
1745680005846 19.0 19
1745680013032 20.0 20
1745680020409 21.0 21
1745680027795 22.0 22
1745680035227 23.0 23
1745680042542 24.0 24
