1745679864302 0.002153034321963787 0
1745679871917 0.005568778142333031 1
1745679879204 0.01759529300034046 2
1745679886612 0.042538367211818695 3
1745679893854 0.08248520642518997 4
1745679901166 0.1960313767194748 5
1745679908436 0.4497475028038025 6
1745679915998 0.9750385284423828 7
1745679923644 1.711631178855896 8
1745679931163 2.896353006362915 9
1745679938325 5.119136333465576 10
1745679945854 7.707813262939453 11
1745679953469 10.73417854309082 12
1745679961122 15.9757661819458 13
1745679968314 24.099445343017578 14
1745679975685 35.033138275146484 15
1745679983297 49.026824951171875 16
1745679991115 65.70914459228516 17
1745679998358 83.13382720947266 18
1745680005846 94.3948974609375 19
1745680013032 98.99822235107422 20
1745680020409 107.5648193359375 21
1745680027795 119.58345031738281 22
1745680035227 123.85661315917969 23
1745680042542 122.78795623779297 24
