1745679864302 -0.08787012100219727 0
1745679871917 -0.08812960237264633 1
1745679879204 -0.08752688765525818 2
1745679886612 -0.08649596571922302 3
1745679893854 -0.08321641385555267 4
1745679901166 -0.06572411954402924 5
1745679908436 -0.03890767693519592 6
1745679915998 -0.006747174542397261 7
1745679923644 0.029178105294704437 8
1745679931163 0.06751105189323425 9
1745679938325 0.10951519757509232 10
1745679945854 0.15497735142707825 11
1745679953469 0.2035260945558548 12
1745679961122 0.25590837001800537 13
1745679968314 0.31189197301864624 14
1745679975685 0.36945852637290955 15
1745679983297 0.4303942620754242 16
1745679991115 0.49075812101364136 17
1745679998358 0.5489585995674133 18
1745680005846 0.6096092462539673 19
1745680013032 0.6645248532295227 20
1745680020409 0.704369843006134 21
1745680027795 0.7330418825149536 22
1745680035227 0.7414687275886536 23
1745680042542 0.7431380748748779 24
