1745679864302 40.299949645996094 0
1745679871917 40.29995346069336 1
1745679879204 40.29996871948242 2
1745679886612 40.29985046386719 3
1745679893854 40.30010986328125 4
1745679901166 40.29744338989258 5
1745679908436 40.295928955078125 6
1745679915998 40.291221618652344 7
1745679923644 40.28031921386719 8
1745679931163 40.264644622802734 9
1745679938325 40.270668029785156 10
1745679945854 40.212486267089844 11
1745679953469 40.19304656982422 12
1745679961122 40.010353088378906 13
1745679968314 39.67913818359375 14
1745679975685 39.540287017822266 15
1745679983297 39.41152572631836 16
1745679991115 39.19534683227539 17
1745679998358 39.17990493774414 18
1745680005846 38.403228759765625 19
1745680013032 38.39158630371094 20
1745680020409 38.08871841430664 21
1745680027795 37.553043365478516 22
1745680035227 38.06527328491211 23
1745680042542 37.20137023925781 24
