1745679864302 0.05575080215930939 0
1745679871917 -0.017218831926584244 1
1745679879204 0.022033551707863808 2
1745679886612 0.025892222300171852 3
1745679893854 -0.00970490463078022 4
1745679901166 0.046107321977615356 5
1745679908436 0.11267787218093872 6
1745679915998 0.187946155667305 7
1745679923644 0.3151603937149048 8
1745679931163 0.4173145592212677 9
1745679938325 0.430603951215744 10
1745679945854 0.460735559463501 11
1745679953469 0.5140340328216553 12
1745679961122 0.5087680816650391 13
1745679968314 0.5458512902259827 14
1745679975685 0.580829381942749 15
1745679983297 0.5773611068725586 16
1745679991115 0.5625225901603699 17
1745679998358 0.5886738896369934 18
1745680005846 0.5828441381454468 19
1745680013032 0.5758349895477295 20
1745680020409 0.5980157852172852 21
1745680027795 0.6054159998893738 22
1745680035227 0.6175368428230286 23
1745680042542 0.6270768642425537 24
