1745679864302 0.7474780082702637 0
1745679871917 0.7500448822975159 1
1745679879204 0.7480095624923706 2
1745679886612 0.7478901743888855 3
1745679893854 0.7479274868965149 4
1745679901166 0.7467917203903198 5
1745679908436 0.7494994401931763 6
1745679915998 0.747273862361908 7
1745679923644 0.7477241158485413 8
1745679931163 0.7475046515464783 9
1745679938325 0.7486929297447205 10
1745679945854 0.7487093806266785 11
1745679953469 0.748164176940918 12
1745679961122 0.7464953660964966 13
1745679968314 0.7482911944389343 14
1745679975685 0.7477129697799683 15
1745679983297 0.7479174137115479 16
1745679991115 0.7483965158462524 17
1745679998358 0.7471484541893005 18
1745680005846 0.7474332451820374 19
1745680013032 0.7473667860031128 20
1745680020409 0.7488414645195007 21
1745680027795 0.7473837733268738 22
1745680035227 0.7495812177658081 23
1745680042542 0.7492072582244873 24
