1745693958350 7.223469257354736 0
1745693965915 7.167781352996826 1
1745693973791 7.845033168792725 2
1745693981483 7.401147365570068 3
1745693988858 7.34073805809021 4
1745693996396 7.244664907455444 5
1745694003905 7.469990253448486 6
1745694011398 7.457210063934326 7
1745694018825 7.390786409378052 8
1745694026586 7.3189027309417725 9
1745694033994 7.371112823486328 10
1745694041366 7.337599515914917 11
1745694048561 7.158109426498413 12
1745694055806 7.2086405754089355 13
1745694063089 7.24430775642395 14
1745694070525 7.398487091064453 15
1745694078050 7.234365701675415 16
1745694085324 7.237872123718262 17
1745694092942 7.580569505691528 18
1745694100405 7.4238080978393555 19
1745694107892 7.4436094760894775 20
1745694115299 7.365002870559692 21
1745694122778 7.439624309539795 22
1745694130219 7.400088548660278 23
1745694137666 7.406132936477661 24
