1745693958350 0.0 0
1745693965915 1.0 1
1745693973791 2.0 2
1745693981483 3.0 3
1745693988858 4.0 4
1745693996396 5.0 5
1745694003905 6.0 6
1745694011398 7.0 7
1745694018825 8.0 8
1745694026586 9.0 9
1745694033994 10.0 10
1745694041366 11.0 11
1745694048561 12.0 12
1745694055806 13.0 13
1745694063089 14.0 14
1745694070525 15.0 15
1745694078050 16.0 16
1745694085324 17.0 17
1745694092942 18.0 18
1745694100405 19.0 19
1745694107892 20.0 20
1745694115299 21.0 21
1745694122778 22.0 22
1745694130219 23.0 23
1745694137666 24.0 24
