1745693958350 0.01499435305595398 0
1745693965915 0.16379238665103912 1
1745693973791 3.458090305328369 2
1745693981483 25.570100784301758 3
1745693988858 28.798688888549805 4
1745693996396 28.370141983032227 5
1745694003905 30.592853546142578 6
1745694011398 31.04302978515625 7
1745694018825 31.044559478759766 8
1745694026586 30.87624168395996 9
1745694033994 38.56173324584961 10
1745694041366 35.51034164428711 11
1745694048561 32.75553894042969 12
1745694055806 35.97016906738281 13
1745694063089 33.42975997924805 14
1745694070525 44.18950271606445 15
1745694078050 39.20981216430664 16
1745694085324 32.78699493408203 17
1745694092942 35.52424621582031 18
1745694100405 39.33847427368164 19
1745694107892 29.9815731048584 20
1745694115299 32.55626678466797 21
1745694122778 29.866018295288086 22
1745694130219 30.20074462890625 23
1745694137666 35.364830017089844 24
