1745693958350 -0.08778969198465347 0
1745693965915 -0.06427178531885147 1
1745693973791 0.15054850280284882 2
1745693981483 0.5490908622741699 3
1745693988858 0.7662004232406616 4
1745693996396 0.7434107661247253 5
1745694003905 0.7405636310577393 6
1745694011398 0.7462098002433777 7
1745694018825 0.746824324131012 8
1745694026586 0.7484086155891418 9
1745694033994 0.7523810863494873 10
1745694041366 0.7451379895210266 11
1745694048561 0.7431609630584717 12
1745694055806 0.7406915426254272 13
1745694063089 0.7483723759651184 14
1745694070525 0.7459356784820557 15
1745694078050 0.7456362843513489 16
1745694085324 0.7449206113815308 17
1745694092942 0.7488264441490173 18
1745694100405 0.7424864768981934 19
1745694107892 0.7506946325302124 20
1745694115299 0.7435190081596375 21
1745694122778 0.7478330731391907 22
1745694130219 0.7464102506637573 23
1745694137666 0.7414450645446777 24
