1745693958350 14.100014686584473 0
1745693965915 14.097485542297363 1
1745693973791 14.050415992736816 2
1745693981483 13.709263801574707 3
1745693988858 13.037632942199707 4
1745693996396 13.073969841003418 5
1745694003905 12.838650703430176 6
1745694011398 12.098563194274902 7
1745694018825 11.218669891357422 8
1745694026586 11.698100090026855 9
1745694033994 11.447038650512695 10
1745694041366 11.112714767456055 11
1745694048561 11.259573936462402 12
1745694055806 10.535300254821777 13
1745694063089 11.565498352050781 14
1745694070525 11.419817924499512 15
1745694078050 10.838360786437988 16
1745694085324 9.980657577514648 17
1745694092942 11.630315780639648 18
1745694100405 10.186546325683594 19
1745694107892 10.622701644897461 20
1745694115299 11.518077850341797 21
1745694122778 11.099222183227539 22
1745694130219 10.938248634338379 23
1745694137666 10.247056007385254 24
