1745693958350 0.001959120621904731 0
1745693965915 0.044504083693027496 1
1745693973791 0.13246385753154755 2
1745693981483 0.29413241147994995 3
1745693988858 0.4218721091747284 4
1745693996396 0.4669910967350006 5
1745694003905 0.5209315419197083 6
1745694011398 0.5370298027992249 7
1745694018825 0.5422861576080322 8
1745694026586 0.5493704676628113 9
1745694033994 0.5441899299621582 10
1745694041366 0.5815368294715881 11
1745694048561 0.5536665320396423 12
1745694055806 0.5718042254447937 13
1745694063089 0.5687230825424194 14
1745694070525 0.5905540585517883 15
1745694078050 0.5919157266616821 16
1745694085324 0.5865894556045532 17
1745694092942 0.5684781074523926 18
1745694100405 0.5889508128166199 19
1745694107892 0.6250574588775635 20
1745694115299 0.602458655834198 21
1745694122778 0.607089102268219 22
1745694130219 0.5911884307861328 23
1745694137666 0.6130815148353577 24
