1745693958350 0.7481685876846313 0
1745693965915 0.748159646987915 1
1745693973791 0.7465659379959106 2
1745693981483 0.7468730807304382 3
1745693988858 0.746394693851471 4
1745693996396 0.7459226250648499 5
1745694003905 0.7466249465942383 6
1745694011398 0.7465643882751465 7
1745694018825 0.7454484105110168 8
1745694026586 0.7481385469436646 9
1745694033994 0.7470847368240356 10
1745694041366 0.7464163303375244 11
1745694048561 0.7455824613571167 12
1745694055806 0.743628740310669 13
1745694063089 0.7457686066627502 14
1745694070525 0.7467401027679443 15
1745694078050 0.7478251457214355 16
1745694085324 0.7459860444068909 17
1745694092942 0.7456732988357544 18
1745694100405 0.7454257607460022 19
1745694107892 0.7481586337089539 20
1745694115299 0.7470133900642395 21
1745694122778 0.7461789846420288 22
1745694130219 0.7474366426467896 23
1745694137666 0.7469866871833801 24
