1745630338094 9.756664514541626 0
1745630348095 9.663538694381714 1
1745630357884 9.748961448669434 2
1745630367480 9.554393529891968 3
1745630377166 9.641765117645264 4
1745630386925 9.711785078048706 5
1745630396548 9.576380491256714 6
1745630406556 9.639918327331543 7
1745630416961 9.874620199203491 8
1745630426964 9.637580633163452 9
1745630436548 9.53818678855896 10
1745630446350 9.429285049438477 11
1745630456312 9.423567295074463 12
1745630465794 9.441360235214233 13
1745630475889 10.052363157272339 14
1745630485785 9.528157472610474 15
1745630495603 9.289489984512329 16
1745630505314 9.666457891464233 17
