1745630338094 0.0017985220765694976 0
1745630348095 0.0024299693759530783 1
1745630357884 0.005356945563107729 2
1745630367480 0.04290292039513588 3
1745630377166 0.21139536798000336 4
1745630386925 0.43289250135421753 5
1745630396548 0.7045527100563049 6
1745630406556 1.170540690422058 7
1745630416961 1.8664734363555908 8
1745630426964 3.044625997543335 9
1745630436548 5.0126752853393555 10
1745630446350 6.676257610321045 11
1745630456312 9.984087944030762 12
1745630465794 13.822993278503418 13
1745630475889 19.285478591918945 14
1745630485785 26.16700553894043 15
1745630495603 36.15335464477539 16
1745630505314 47.540462493896484 17
