1745630338094 0.04544279724359512 0
1745630348095 0.04533063992857933 1
1745630357884 0.045675039291381836 2
1745630367480 0.04811887443065643 3
1745630377166 0.058989670127630234 4
1745630386925 0.07798784226179123 5
1745630396548 0.10141608119010925 6
1745630406556 0.12772271037101746 7
1745630416961 0.15638914704322815 8
1745630426964 0.18719741702079773 9
1745630436548 0.2203795313835144 10
1745630446350 0.25549638271331787 11
1745630456312 0.2928839325904846 12
1745630465794 0.33205169439315796 13
1745630475889 0.3734639585018158 14
1745630485785 0.41574400663375854 15
1745630495603 0.45862627029418945 16
1745630505314 0.5043953657150269 17
