1745630338094 65.2677993774414 0
1745630348095 65.2677993774414 1
1745630357884 65.26779174804688 2
1745630367480 65.2677230834961 3
1745630377166 65.26762390136719 4
1745630386925 65.26721954345703 5
1745630396548 65.26189422607422 6
1745630406556 65.25611114501953 7
1745630416961 65.25347137451172 8
1745630426964 65.21905517578125 9
1745630436548 65.21543884277344 10
1745630446350 65.17687225341797 11
1745630456312 65.15414428710938 12
1745630465794 65.04598236083984 13
1745630475889 65.11150360107422 14
1745630485785 64.79661560058594 15
1745630495603 64.5601577758789 16
1745630505314 64.55598449707031 17
