1745630338094 -0.002899587620049715 0
1745630348095 0.012966529466211796 1
1745630357884 0.03322959318757057 2
1745630367480 0.05751612409949303 3
1745630377166 0.06679736822843552 4
1745630386925 0.19163839519023895 5
1745630396548 0.30591657757759094 6
1745630406556 0.3612269163131714 7
1745630416961 0.4554996192455292 8
1745630426964 0.4758969247341156 9
1745630436548 0.5135244727134705 10
1745630446350 0.545793354511261 11
1745630456312 0.547301173210144 12
1745630465794 0.5933778882026672 13
1745630475889 0.5717679262161255 14
1745630485785 0.576119065284729 15
1745630495603 0.6006001830101013 16
1745630505314 0.6090946793556213 17
