1745630338094 0.7430357336997986 0
1745630348095 0.7452812194824219 1
1745630357884 0.7442035675048828 2
1745630367480 0.7423950433731079 3
1745630377166 0.7442067861557007 4
1745630386925 0.7438184022903442 5
1745630396548 0.7447568774223328 6
1745630406556 0.7437093257904053 7
1745630416961 0.74361652135849 8
1745630426964 0.743933379650116 9
1745630436548 0.7460517287254333 10
1745630446350 0.7432720065116882 11
1745630456312 0.7416728734970093 12
1745630465794 0.7436291575431824 13
1745630475889 0.7426296472549438 14
1745630485785 0.7446224689483643 15
1745630495603 0.7430098056793213 16
1745630505314 0.7437317371368408 17
