7.1920e-01
6.1737e-01
7.4473e-01
6.3504e-01
7.5602e-01
6.0647e-01
6.9060e-01
6.7655e-01
6.3051e-01
7.3057e-01
7.8123e-01
5.5183e-01
5.5893e-01
6.0565e-01
4.2850e-01
5.9986e-01
6.8746e-01
5.9196e-01
4.6468e-01
4.9907e-01
6.2421e-01
7.7095e-01
4.1060e-01
7.6848e-01
5.9364e-01
7.5669e-01
6.9816e-01
6.7655e-01
7.2636e-01
4.4247e-01
5.6636e-02
6.0557e-01
7.6258e-01
6.7198e-01
5.1418e-01
5.9674e-01
7.2997e-01
5.7902e-01
7.2020e-01
6.1028e-01
7.2089e-01
6.9784e-01
7.4112e-01
7.0414e-01
6.7503e-01
7.4535e-01
6.4310e-01
5.6645e-01
7.4930e-01
5.6616e-01
6.9365e-01
5.2055e-01
7.6372e-01
5.5098e-01
7.2997e-01
7.2636e-01
5.8800e-01
7.6258e-01
4.6598e-01
7.3057e-01
6.0763e-01
6.4859e-01
6.2301e-01
6.2301e-01
5.2165e-01
6.2219e-01
5.3604e-01
5.5129e-01
7.4082e-01
5.6645e-01
6.4859e-01
7.1467e-01
7.5678e-01
3.9819e-01
6.6663e-01
7.1455e-01
7.7184e-01
6.3051e-01
3.9819e-01
7.8770e-01
6.8312e-01
6.5387e-01
6.4045e-01
4.1060e-01
6.9506e-01
7.0645e-01
6.5387e-01
7.0088e-01
6.8370e-01
7.4473e-01
7.0088e-01
7.6340e-01
7.0497e-01
6.9391e-01
7.5759e-01
6.5210e-01
2.8840e-01
7.7868e-01
4.7180e-01
6.6405e-01
5.8389e-01
7.2058e-01
6.8710e-01
6.9876e-01
5.4898e-01
6.9365e-01
6.6137e-01
6.3565e-01
4.7180e-01
7.4082e-01
6.0938e-01
6.2684e-01
5.9354e-01
7.6869e-01
6.7364e-01
5.2500e-01
6.7750e-01
7.1779e-01
6.4835e-01
7.4559e-01
6.6131e-01
5.9196e-01
6.6824e-01
7.8825e-01
6.1028e-01
7.8014e-01
6.6405e-01
6.9453e-01
6.8584e-01
6.0557e-01
6.8746e-01
6.4601e-01
6.8016e-01
3.6520e-01
7.8989e-01
7.9023e-01
6.9506e-01
5.9986e-01
7.3360e-01
7.3470e-01
3.4749e-01
7.3887e-01
6.4268e-01
5.5874e-01
7.4652e-01
6.6137e-01
5.9354e-01
6.3637e-01
7.3193e-01
7.1779e-01
5.8389e-01
6.4835e-01
6.4601e-01
7.1627e-01
5.1418e-01
7.4054e-01
6.1416e-01
6.5504e-01
2.7390e-01
6.0137e-01
7.8338e-01
7.9007e-01
7.8989e-01
6.4855e-01
3.2095e-01
5.5892e-01
4.6300e-01
5.9147e-01
4.4247e-01
6.5239e-01
5.9912e-01
4.1731e-01
3.0760e-01
6.3637e-01
6.5680e-01
6.9043e-01
6.0938e-01
7.5222e-01
6.7401e-01
6.9876e-01
5.6636e-02
6.7750e-01
7.7549e-01
4.9907e-01
7.5248e-01
6.9453e-01
5.3604e-01
3.2095e-01
7.0414e-01
6.7062e-01
5.0675e-01
7.3360e-01
7.8473e-01
5.5183e-01
6.2536e-01
6.8016e-01
6.3565e-01
6.9391e-01
7.9023e-01
5.8443e-01
5.4898e-01
5.8624e-01
2.5409e-01
6.6131e-01
7.4126e-01
7.5602e-01
5.8800e-01
6.5210e-01
7.3703e-01
6.4784e-01
6.7321e-01
4.1731e-01
7.0722e-01
6.7062e-01
7.3886e-01
6.9043e-01
6.9060e-01
6.4268e-01
6.6824e-01
2.2979e-01
7.0922e-01
3.6520e-01
7.6372e-01
7.3383e-01
5.5893e-01
6.7321e-01
7.5759e-01
6.5330e-01
6.4310e-01
5.4294e-01
6.9114e-01
6.9407e-01
6.9114e-01
6.6043e-01
7.7095e-01
5.7902e-01
7.8825e-01
6.6524e-01
6.0647e-01
6.0763e-01
7.0308e-01
4.3514e-01
6.7198e-01
7.3048e-01
7.7974e-01
7.8123e-01
2.7390e-01
7.1467e-01
5.5129e-01
4.6598e-01
6.6524e-01
7.7454e-01
6.9183e-01
6.8710e-01
6.2594e-01
7.2915e-01
5.9364e-01
7.0790e-01
6.2453e-01
6.4045e-01
2.2979e-01
5.2055e-01
7.3887e-01
4.9933e-01
6.7503e-01
7.1627e-01
4.2850e-01
5.8804e-01
7.8329e-01
7.8641e-01
6.4527e-01
5.4294e-01
7.4652e-01
6.4527e-01
2.5409e-01
6.0565e-01
5.5098e-01
5.7453e-01
7.4126e-01
7.3634e-01
6.8312e-01
7.3703e-01
5.9912e-01
5.8804e-01
2.8840e-01
5.5874e-01
7.3470e-01
6.6663e-01
6.3504e-01
5.0675e-01
6.2684e-01
7.7224e-01
6.4784e-01
7.0790e-01
7.3383e-01
7.3634e-01
4.9933e-01
7.8641e-01
6.6842e-01
5.7453e-01
6.2421e-01
6.2536e-01
7.5156e-01
7.3886e-01
5.2500e-01
7.3193e-01
5.5892e-01
7.2058e-01
6.1416e-01
7.4054e-01
7.8338e-01
7.1920e-01
7.0922e-01
5.7544e-01
7.5669e-01
7.6340e-01
5.2165e-01
3.4749e-01
6.8584e-01
6.9784e-01
5.9147e-01
7.4930e-01
7.7868e-01
6.2453e-01
7.7987e-01
6.9183e-01
7.2020e-01
7.0790e-01
7.3048e-01
6.6479e-01
6.6479e-01
7.5222e-01
7.8329e-01
