9.3861e-01
4.7993e-01
9.5812e-01
6.9165e-01
9.5740e-01
5.5810e-01
7.6706e-01
8.9434e-01
7.2104e-01
8.1076e-01
9.5945e-01
7.6709e-01
6.8185e-01
7.2593e-01
4.3456e-01
8.4829e-01
8.8003e-01
5.7704e-01
5.2439e-01
6.4596e-01
6.6131e-01
9.5287e-01
3.7453e-01
9.8559e-01
8.0609e-01
9.3067e-01
7.5612e-01
8.9434e-01
9.5725e-01
4.3760e-01
6.3329e-01
6.0640e-01
8.9478e-01
8.2092e-01
6.4332e-01
6.2175e-01
7.8154e-01
5.9520e-01
7.1235e-01
7.4593e-01
9.4350e-01
7.0145e-01
9.6207e-01
8.6870e-01
7.0836e-01
9.3644e-01
9.8434e-01
6.6678e-01
6.4597e-01
5.9410e-01
9.3098e-01
5.3266e-01
9.8592e-01
6.0101e-01
7.8154e-01
9.5725e-01
5.5489e-01
8.9478e-01
5.2006e-01
8.1076e-01
6.9643e-01
5.6294e-01
7.7147e-01
7.7147e-01
8.8477e-01
5.8409e-01
9.0166e-01
5.3170e-01
9.9418e-01
6.6678e-01
5.6294e-01
9.1515e-01
9.8567e-01
4.4519e-01
9.6841e-01
5.8748e-01
9.5521e-01
7.2104e-01
4.4519e-01
9.9354e-01
5.7025e-01
6.6220e-01
5.9672e-01
3.7453e-01
9.2292e-01
7.0377e-01
6.6220e-01
8.2717e-01
9.2055e-01
9.5812e-01
8.2717e-01
9.8867e-01
9.0492e-01
8.3256e-01
6.7479e-01
6.2625e-01
2.9658e-01
1.0003e+00
8.3186e-01
7.7068e-01
5.7268e-01
8.1147e-01
9.0723e-01
8.6555e-01
8.9188e-01
9.3098e-01
7.0645e-01
7.7248e-01
8.3186e-01
9.9418e-01
7.1051e-01
6.9980e-01
5.6027e-01
9.6781e-01
7.3925e-01
6.5153e-01
8.0097e-01
9.6313e-01
6.0616e-01
9.2775e-01
6.8745e-01
5.7704e-01
8.1362e-01
9.9424e-01
7.4593e-01
9.4067e-01
7.7068e-01
6.6682e-01
6.9854e-01
6.0640e-01
8.8003e-01
6.7332e-01
9.7889e-01
5.6680e-01
9.7128e-01
1.0017e+00
9.2292e-01
8.4829e-01
9.2160e-01
8.8475e-01
7.0156e-01
9.4243e-01
6.3759e-01
6.2370e-01
5.9588e-01
7.0645e-01
5.6027e-01
6.0070e-01
6.6212e-01
9.6313e-01
5.7268e-01
6.0616e-01
6.7332e-01
4.7235e-01
6.4332e-01
7.7716e-01
8.5890e-01
8.0914e-01
4.8046e-01
4.7967e-01
9.7642e-01
9.4086e-01
9.7128e-01
5.7452e-01
4.2991e-01
4.4851e-01
4.8944e-01
5.4037e-01
4.3760e-01
4.4148e-01
6.1731e-01
4.9159e-01
2.6213e-01
6.0070e-01
8.5633e-01
6.1022e-01
7.1051e-01
9.2211e-01
8.9279e-01
8.6555e-01
6.3329e-01
8.0097e-01
9.6011e-01
6.4596e-01
8.2306e-01
6.6682e-01
9.0166e-01
4.2991e-01
8.6870e-01
3.9348e-01
5.7719e-01
9.2160e-01
9.6152e-01
7.6709e-01
7.5896e-01
9.7889e-01
7.7248e-01
8.3256e-01
1.0017e+00
4.7043e-01
8.9188e-01
9.0437e-01
1.6910e-01
6.8745e-01
9.7194e-01
9.5740e-01
5.5489e-01
6.2625e-01
8.9723e-01
3.4435e-01
6.2226e-01
4.9159e-01
6.9306e-01
3.9348e-01
7.6166e-01
6.1022e-01
7.6706e-01
6.3759e-01
8.1362e-01
9.8717e-01
9.2376e-01
5.6680e-01
9.8592e-01
8.4331e-01
6.8185e-01
6.2226e-01
6.7479e-01
7.3405e-01
9.8434e-01
4.8353e-01
8.0174e-01
6.8568e-01
8.0174e-01
7.7584e-01
9.5287e-01
5.9520e-01
9.9424e-01
5.1088e-01
5.5810e-01
6.9643e-01
7.5422e-01
6.4843e-01
8.2092e-01
6.2245e-01
1.0008e+00
9.5945e-01
4.8046e-01
9.1515e-01
5.3170e-01
5.2006e-01
5.1088e-01
9.6488e-01
9.6919e-01
9.0723e-01
6.5765e-01
7.5830e-01
8.0609e-01
8.6532e-01
7.3448e-01
5.9672e-01
9.8717e-01
5.3266e-01
9.4243e-01
6.4915e-01
7.0836e-01
4.7235e-01
4.3456e-01
6.7563e-01
8.5083e-01
9.8993e-01
5.7720e-01
4.8353e-01
5.9588e-01
5.7720e-01
1.6910e-01
7.2593e-01
6.0101e-01
5.9743e-01
9.7194e-01
7.1549e-01
5.7025e-01
8.9723e-01
6.1731e-01
6.7563e-01
2.9658e-01
6.2370e-01
8.8475e-01
9.6841e-01
6.9165e-01
5.7719e-01
6.9980e-01
9.8290e-01
3.4435e-01
8.6532e-01
8.4331e-01
7.1549e-01
6.4915e-01
9.8993e-01
7.8138e-01
5.9743e-01
6.6131e-01
7.5896e-01
9.3963e-01
7.6166e-01
6.5153e-01
6.6212e-01
4.4851e-01
8.1147e-01
8.5890e-01
7.7716e-01
9.7642e-01
9.3861e-01
9.2376e-01
6.5439e-01
9.3067e-01
9.8867e-01
8.8477e-01
7.0156e-01
6.9854e-01
7.0145e-01
5.4037e-01
6.4597e-01
1.0003e+00
7.3448e-01
9.7278e-01
9.6919e-01
7.1235e-01
9.0660e-01
6.2245e-01
6.6624e-01
6.6624e-01
9.2211e-01
8.5083e-01
