9.3508e-01
6.3246e-01
9.0771e-01
6.7023e-01
9.4306e-01
5.2617e-01
9.0612e-01
9.0589e-01
7.1173e-01
9.2045e-01
9.7228e-01
9.2146e-01
5.2138e-01
5.8675e-01
5.6139e-01
6.4039e-01
5.6754e-01
5.6856e-01
4.6807e-01
7.1238e-01
4.5533e-01
1.0074e+00
5.0843e-01
1.0073e+00
5.8216e-01
5.2887e-01
7.3669e-01
9.0589e-01
1.0244e+00
6.5821e-01
4.1230e-01
6.8044e-01
6.0918e-01
8.6051e-01
5.8850e-01
5.4809e-01
7.5979e-01
5.5260e-01
6.2890e-01
6.4694e-01
9.4983e-01
8.3486e-01
9.8138e-01
6.5330e-01
6.6092e-01
9.7196e-01
1.0338e+00
6.3561e-01
8.7312e-01
5.8793e-01
8.6670e-01
6.3786e-01
9.7254e-01
7.7103e-01
7.5979e-01
1.0244e+00
5.8348e-01
6.0918e-01
5.5554e-01
9.2045e-01
8.6440e-01
5.5775e-01
6.1243e-01
6.1243e-01
7.6026e-01
6.9419e-01
5.5237e-01
5.2093e-01
8.0944e-01
6.3561e-01
5.5775e-01
8.3144e-01
9.8880e-01
4.9702e-01
9.8288e-01
5.8042e-01
9.9705e-01
7.1173e-01
4.9702e-01
1.0516e+00
5.9306e-01
6.9905e-01
7.3588e-01
5.0843e-01
8.5894e-01
7.1257e-01
6.9905e-01
9.0682e-01
9.1884e-01
9.0771e-01
9.0682e-01
1.0406e+00
7.8214e-01
7.9594e-01
8.3272e-01
6.2718e-01
3.7272e-01
1.0406e+00
8.2048e-01
6.2839e-01
6.0729e-01
6.5434e-01
8.6417e-01
8.5417e-01
6.7917e-01
8.6670e-01
9.3547e-01
7.0187e-01
8.2048e-01
8.0944e-01
5.7144e-01
6.1252e-01
5.4161e-01
1.0099e+00
6.2344e-01
5.5447e-01
8.5631e-01
1.0071e+00
7.6564e-01
9.6668e-01
7.1522e-01
5.6856e-01
8.7481e-01
1.0208e+00
6.4694e-01
8.5988e-01
6.2839e-01
7.8688e-01
6.2814e-01
6.8044e-01
5.6754e-01
6.5404e-01
9.5332e-01
4.7278e-01
1.0302e+00
1.0152e+00
8.5894e-01
6.4039e-01
9.7477e-01
8.0148e-01
8.0002e-01
8.1666e-01
6.2661e-01
5.6392e-01
7.8422e-01
9.3547e-01
5.4161e-01
5.7838e-01
8.1128e-01
1.0071e+00
6.0729e-01
7.6564e-01
6.5404e-01
6.7091e-01
5.8850e-01
9.5848e-01
7.4840e-01
7.1509e-01
3.0970e-01
4.4639e-01
1.0129e+00
1.0219e+00
1.0302e+00
6.1417e-01
5.4037e-01
4.5175e-01
5.1795e-01
5.3533e-01
6.5821e-01
5.0553e-01
5.6041e-01
5.5989e-01
2.6555e-01
5.7838e-01
6.7227e-01
9.0878e-01
5.7144e-01
8.9937e-01
6.2177e-01
8.5417e-01
4.1230e-01
8.5631e-01
1.0081e+00
7.1238e-01
1.0392e+00
7.8688e-01
5.5237e-01
5.4037e-01
6.5330e-01
5.4294e-01
5.1521e-01
9.7477e-01
1.0103e+00
9.2146e-01
6.4722e-01
9.5332e-01
7.0187e-01
7.9594e-01
1.0152e+00
7.1745e-01
6.7917e-01
8.5293e-01
4.2648e-01
7.1522e-01
9.9575e-01
9.4306e-01
5.8348e-01
6.2718e-01
9.3567e-01
7.2676e-01
8.7697e-01
5.5989e-01
7.4144e-01
5.4294e-01
9.8495e-01
9.0878e-01
9.0612e-01
6.2661e-01
8.7481e-01
8.3906e-01
9.9202e-01
4.7278e-01
9.7254e-01
7.1559e-01
5.2138e-01
8.7697e-01
8.3272e-01
7.3138e-01
1.0338e+00
8.6672e-01
8.3347e-01
8.1116e-01
8.3347e-01
6.4556e-01
1.0074e+00
5.5260e-01
1.0208e+00
6.7104e-01
5.2617e-01
8.6440e-01
7.1546e-01
5.1154e-01
8.6051e-01
7.3097e-01
1.0098e+00
9.7228e-01
3.0970e-01
8.3144e-01
5.2093e-01
5.5554e-01
6.7104e-01
9.8364e-01
9.3566e-01
8.6417e-01
8.2299e-01
8.4266e-01
5.8216e-01
8.3790e-01
6.0120e-01
7.3588e-01
8.3906e-01
6.3786e-01
8.1666e-01
6.8624e-01
6.6092e-01
6.7091e-01
5.6139e-01
6.2168e-01
9.7265e-01
1.0407e+00
6.3783e-01
8.6672e-01
7.8422e-01
6.3783e-01
4.2648e-01
5.8675e-01
7.7103e-01
5.5122e-01
9.9575e-01
8.6843e-01
5.9306e-01
9.3567e-01
5.6041e-01
6.2168e-01
3.7272e-01
5.6392e-01
8.0148e-01
9.8288e-01
6.7023e-01
5.1521e-01
6.1252e-01
1.0143e+00
7.2676e-01
8.3790e-01
7.1559e-01
8.6843e-01
6.8624e-01
1.0407e+00
7.9255e-01
5.5122e-01
4.5533e-01
6.4722e-01
8.3723e-01
9.8495e-01
5.5447e-01
8.1128e-01
4.5175e-01
6.5434e-01
7.4840e-01
9.5848e-01
1.0129e+00
9.3508e-01
9.9202e-01
6.8906e-01
5.2887e-01
1.0406e+00
7.6026e-01
8.0002e-01
6.2814e-01
8.3486e-01
5.3533e-01
8.7312e-01
1.0406e+00
6.0120e-01
9.9119e-01
9.3566e-01
6.2890e-01
8.2962e-01
7.3097e-01
7.6037e-01
7.6037e-01
8.9937e-01
9.7265e-01
