1745694259396 6.933204650878906 0
1745694266914 6.859783172607422 1
1745694274061 7.115495920181274 2
1745694281262 7.168643951416016 3
1745694288763 7.467377662658691 4
1745694295940 7.143362998962402 5
1745694303126 7.1510396003723145 6
1745694310906 7.346200227737427 7
1745694318434 7.244282960891724 8
1745694325950 7.099896430969238 9
1745694333496 7.154376745223999 10
1745694340949 7.167449235916138 11
1745694348760 7.415335178375244 12
1745694355959 7.164225816726685 13
1745694363063 7.070567607879639 14
1745694370375 7.274109125137329 15
1745694377780 7.367944717407227 16
1745694385426 7.236043214797974 17
1745694392827 7.364193677902222 18
1745694400354 7.490010976791382 19
1745694407622 7.229038715362549 20
1745694415120 7.458269834518433 21
1745694422659 7.495893955230713 22
1745694430602 7.514904022216797 23
1745694438063 7.420713663101196 24
