1745694259396 0.0 0
1745694266914 1.0 1
1745694274061 2.0 2
1745694281262 3.0 3
1745694288763 4.0 4
1745694295940 5.0 5
1745694303126 6.0 6
1745694310906 7.0 7
1745694318434 8.0 8
1745694325950 9.0 9
1745694333496 10.0 10
1745694340949 11.0 11
1745694348760 12.0 12
1745694355959 13.0 13
1745694363063 14.0 14
1745694370375 15.0 15
1745694377780 16.0 16
1745694385426 17.0 17
1745694392827 18.0 18
1745694400354 19.0 19
1745694407622 20.0 20
1745694415120 21.0 21
1745694422659 22.0 22
1745694430602 23.0 23
1745694438063 24.0 24
