1745694259396 0.0010634047212079167 0
1745694266914 0.0017656058771535754 1
1745694274061 0.0034750630147755146 2
1745694281262 0.008973347954452038 3
1745694288763 0.06798209249973297 4
1745694295940 0.24473419785499573 5
1745694303126 0.6112700700759888 6
1745694310906 1.1665838956832886 7
1745694318434 2.159445285797119 8
1745694325950 3.4292731285095215 9
1745694333496 6.130465984344482 10
1745694340949 9.70787239074707 11
1745694348760 15.19548225402832 12
1745694355959 24.24245262145996 13
1745694363063 33.05179977416992 14
1745694370375 47.52839660644531 15
1745694377780 69.30980682373047 16
1745694385426 84.82015991210938 17
1745694392827 103.68118286132812 18
1745694400354 113.22642517089844 19
1745694407622 124.11227416992188 20
1745694415120 130.03785705566406 21
1745694422659 142.2560577392578 22
1745694430602 138.2064971923828 23
1745694438063 155.97607421875 24
