1745694259396 -0.003907474223524332 0
1745694266914 -0.003864126745611429 1
1745694274061 -0.0038543338887393475 2
1745694281262 -0.00387125788256526 3
1745694288763 -0.0010739347198978066 4
1745694295940 0.017676929011940956 5
1745694303126 0.04472022503614426 6
1745694310906 0.07678176462650299 7
1745694318434 0.11292801052331924 8
1745694325950 0.15278290212154388 9
1745694333496 0.19750070571899414 10
1745694340949 0.24540425837039948 11
1745694348760 0.295382559299469 12
1745694355959 0.3496854901313782 13
1745694363063 0.4093098044395447 14
1745694370375 0.4692581593990326 15
1745694377780 0.5327246189117432 16
1745694385426 0.5928117632865906 17
1745694392827 0.6467347145080566 18
1745694400354 0.6920599937438965 19
1745694407622 0.7184121012687683 20
1745694415120 0.7306616306304932 21
1745694422659 0.7315388917922974 22
1745694430602 0.7339993119239807 23
1745694438063 0.7391594052314758 24
