1745694259396 40.299949645996094 0
1745694266914 40.299949645996094 1
1745694274061 40.299949645996094 2
1745694281262 40.29993438720703 3
1745694288763 40.29930114746094 4
1745694295940 40.297908782958984 5
1745694303126 40.29283905029297 6
1745694310906 40.29348373413086 7
1745694318434 40.273128509521484 8
1745694325950 40.23465347290039 9
1745694333496 40.23651123046875 10
1745694340949 40.16953659057617 11
1745694348760 40.05155944824219 12
1745694355959 39.83570098876953 13
1745694363063 39.760501861572266 14
1745694370375 39.311126708984375 15
1745694377780 39.50931167602539 16
1745694385426 38.75877380371094 17
1745694392827 38.503143310546875 18
1745694400354 37.75209426879883 19
1745694407622 37.609352111816406 20
1745694415120 37.80612564086914 21
1745694422659 37.436546325683594 22
1745694430602 37.233001708984375 23
1745694438063 36.841835021972656 24
