1745694259396 0.045586761087179184 0
1745694266914 -0.03435739129781723 1
1745694274061 0.05115818977355957 2
1745694281262 0.09999576210975647 3
1745694288763 -0.06369522213935852 4
1745694295940 0.10402099788188934 5
1745694303126 0.15343813598155975 6
1745694310906 0.2537761330604553 7
1745694318434 0.34202510118484497 8
1745694325950 0.3916655480861664 9
1745694333496 0.45490971207618713 10
1745694340949 0.4571816921234131 11
1745694348760 0.4946182668209076 12
1745694355959 0.5298877358436584 13
1745694363063 0.5392634272575378 14
1745694370375 0.5486276745796204 15
1745694377780 0.5379551649093628 16
1745694385426 0.5658597350120544 17
1745694392827 0.5557834506034851 18
1745694400354 0.5584219098091125 19
1745694407622 0.6110886335372925 20
1745694415120 0.5917273759841919 21
1745694422659 0.6201452612876892 22
1745694430602 0.6202901601791382 23
1745694438063 0.611876368522644 24
