1745694259396 0.7450951933860779 0
1745694266914 0.7449221611022949 1
1745694274061 0.745148777961731 2
1745694281262 0.7441739439964294 3
1745694288763 0.7445095777511597 4
1745694295940 0.7431774139404297 5
1745694303126 0.7442812919616699 6
1745694310906 0.7442315220832825 7
1745694318434 0.7446280717849731 8
1745694325950 0.7456327080726624 9
1745694333496 0.7439591884613037 10
1745694340949 0.7436193823814392 11
1745694348760 0.7449983954429626 12
1745694355959 0.7444769740104675 13
1745694363063 0.7445228099822998 14
1745694370375 0.7443475723266602 15
1745694377780 0.7452483177185059 16
1745694385426 0.7444433569908142 17
1745694392827 0.7442574501037598 18
1745694400354 0.7451751828193665 19
1745694407622 0.7458540797233582 20
1745694415120 0.7439468502998352 21
1745694422659 0.7429968118667603 22
1745694430602 0.7444207072257996 23
1745694438063 0.7437901496887207 24
