1745692611607 7.852656126022339 0
1745692619671 7.777439832687378 1
1745692627649 7.9359941482543945 2
1745692635685 7.990131616592407 3
1745692643749 8.0191490650177 4
1745692651839 8.044413328170776 5
1745692659995 8.1075599193573 6
1745692668278 8.235121011734009 7
1745692676654 8.321394681930542 8
1745692684963 8.255017042160034 9
1745692693270 8.25276803970337 10
1745692701513 8.187391757965088 11
1745692709820 8.25498652458191 12
1745692718063 8.190001964569092 13
1745692726069 7.950562953948975 14
1745692733920 7.79994535446167 15
1745692742060 8.087237119674683 16
1745692750035 7.923892974853516 17
1745692757939 7.85239315032959 18
1745692765635 7.645247936248779 19
1745692773297 7.6203813552856445 20
1745692780692 7.352082967758179 21
1745692788153 7.4195287227630615 22
1745692795645 7.451924085617065 23
1745692803207 7.520171403884888 24
