1745692611607 0.0 0
1745692619671 1.0 1
1745692627649 2.0 2
1745692635685 3.0 3
1745692643749 4.0 4
1745692651839 5.0 5
1745692659995 6.0 6
1745692668278 7.0 7
1745692676654 8.0 8
1745692684963 9.0 9
1745692693270 10.0 10
1745692701513 11.0 11
1745692709820 12.0 12
1745692718063 13.0 13
1745692726069 14.0 14
1745692733920 15.0 15
1745692742060 16.0 16
1745692750035 17.0 17
1745692757939 18.0 18
1745692765635 19.0 19
1745692773297 20.0 20
1745692780692 21.0 21
1745692788153 22.0 22
1745692795645 23.0 23
1745692803207 24.0 24
