1745692611607 0.00011321220517857 0
1745692619671 0.00012593490828294307 1
1745692627649 0.00012591195991262794 2
1745692635685 0.00013164423580747098 3
1745692643749 0.00015927403001114726 4
1745692651839 0.0001632582861930132 5
1745692659995 0.00016197164950426668 6
1745692668278 0.00017240099259652197 7
1745692676654 0.00017320748884230852 8
1745692684963 0.0001637303939787671 9
1745692693270 0.00016898414469324052 10
1745692701513 0.00017194879183080047 11
1745692709820 0.00017487032164353877 12
1745692718063 0.00018474480020813644 13
1745692726069 0.00021420502162072808 14
1745692733920 0.00023218388378154486 15
1745692742060 0.0002527519245631993 16
1745692750035 0.0002798307978082448 17
1745692757939 0.00037059327587485313 18
1745692765635 0.0009824909502640367 19
1745692773297 0.0035146528389304876 20
1745692780692 0.0076378993690013885 21
1745692788153 0.014817707240581512 22
1745692795645 0.0317968875169754 23
1745692803207 0.0709671899676323 24
