1745692611607 -0.04930774122476578 0
1745692619671 -0.048705555498600006 1
1745692627649 -0.04870311915874481 2
1745692635685 -0.04884114861488342 3
1745692643749 -0.04874272644519806 4
1745692651839 -0.04861389473080635 5
1745692659995 -0.04859045520424843 6
1745692668278 -0.048964448273181915 7
1745692676654 -0.04899822548031807 8
1745692684963 -0.04881064593791962 9
1745692693270 -0.048886172473430634 10
1745692701513 -0.04890825226902962 11
1745692709820 -0.049032460898160934 12
1745692718063 -0.04904576390981674 13
1745692726069 -0.04905232787132263 14
1745692733920 -0.048985805362463 15
1745692742060 -0.04898371547460556 16
1745692750035 -0.049147531390190125 17
1745692757939 -0.04911993816494942 18
1745692765635 -0.049131132662296295 19
1745692773297 -0.04931442439556122 20
1745692780692 -0.04915584251284599 21
1745692788153 -0.04875098541378975 22
1745692795645 -0.048829495906829834 23
1745692803207 -0.045930299907922745 24
