1745692611607 7.550006866455078 0
1745692619671 7.550006866455078 1
1745692627649 7.550006866455078 2
1745692635685 7.550006866455078 3
1745692643749 7.550006866455078 4
1745692651839 7.550006866455078 5
1745692659995 7.550006866455078 6
1745692668278 7.550006866455078 7
1745692676654 7.550006866455078 8
1745692684963 7.550006866455078 9
1745692693270 7.550006866455078 10
1745692701513 7.550006866455078 11
1745692709820 7.550006866455078 12
1745692718063 7.550006866455078 13
1745692726069 7.550006866455078 14
1745692733920 7.550006866455078 15
1745692742060 7.550006866455078 16
1745692750035 7.55000638961792 17
1745692757939 7.55000638961792 18
1745692765635 7.550003528594971 19
1745692773297 7.549995422363281 20
1745692780692 7.549914360046387 21
1745692788153 7.549911975860596 22
1745692795645 7.549868106842041 23
1745692803207 7.549365520477295 24
