1745692611607 0.01902044750750065 0
1745692619671 -0.012014840729534626 1
1745692627649 0.03312012180685997 2
1745692635685 0.08625778555870056 3
1745692643749 0.012148939073085785 4
1745692651839 -0.05310910567641258 5
1745692659995 0.02157651260495186 6
1745692668278 0.02120022289454937 7
1745692676654 -0.002615174511447549 8
1745692684963 -0.04309729114174843 9
1745692693270 0.008914624340832233 10
1745692701513 0.029930073767900467 11
1745692709820 -0.04747025668621063 12
1745692718063 0.031016750261187553 13
1745692726069 0.0018338357331231236 14
1745692733920 0.004672334995120764 15
1745692742060 0.004825972951948643 16
1745692750035 -0.04041202738881111 17
1745692757939 0.005116312764585018 18
1745692765635 -0.03011198341846466 19
1745692773297 -0.056718859821558 20
1745692780692 0.014731413684785366 21
1745692788153 0.041113849729299545 22
1745692795645 0.014546028338372707 23
1745692803207 0.03681229427456856 24
