1745692611607 0.7436112761497498 0
1745692619671 0.742904007434845 1
1745692627649 0.7437334060668945 2
1745692635685 0.7431210279464722 3
1745692643749 0.7427918910980225 4
1745692651839 0.7416777610778809 5
1745692659995 0.7432835698127747 6
1745692668278 0.7434982657432556 7
1745692676654 0.7428997159004211 8
1745692684963 0.7429595589637756 9
1745692693270 0.743242621421814 10
1745692701513 0.7429264187812805 11
1745692709820 0.7412174940109253 12
1745692718063 0.7417935132980347 13
1745692726069 0.7434545755386353 14
1745692733920 0.7410330176353455 15
1745692742060 0.7439779043197632 16
1745692750035 0.742752730846405 17
1745692757939 0.7416645288467407 18
1745692765635 0.7426587343215942 19
1745692773297 0.7437471747398376 20
1745692780692 0.7435585856437683 21
1745692788153 0.7414862513542175 22
1745692795645 0.7422518730163574 23
1745692803207 0.7436114549636841 24
