9.0576e-01
5.9675e-01
8.4194e-01
7.8609e-01
8.8753e-01
5.5381e-01
9.1840e-01
8.5215e-01
5.5852e-01
8.9789e-01
9.2217e-01
8.4123e-01
5.9799e-01
7.5899e-01
3.9679e-01
7.0684e-01
6.8135e-01
6.6819e-01
6.7530e-01
7.6842e-01
8.1389e-01
8.9006e-01
5.6855e-01
9.1013e-01
7.3675e-01
9.1635e-01
8.2405e-01
8.5215e-01
8.3390e-01
5.8544e-01
6.2981e-01
6.1097e-01
7.7084e-01
8.3191e-01
5.5237e-01
6.7860e-01
8.7356e-01
6.5015e-01
8.4963e-01
6.8928e-01
8.5408e-01
7.6539e-01
9.1626e-01
6.0416e-01
7.9732e-01
9.0567e-01
8.7851e-01
6.8934e-01
8.2512e-01
6.8351e-01
7.0779e-01
8.7412e-01
8.8642e-01
7.9982e-01
8.7356e-01
8.3390e-01
5.9726e-01
7.7084e-01
2.8882e-01
8.9789e-01
8.0528e-01
6.4624e-01
7.1093e-01
7.1093e-01
7.6762e-01
7.7754e-01
8.2899e-01
5.5180e-01
9.1502e-01
6.8934e-01
6.4624e-01
8.6427e-01
9.1495e-01
5.2766e-01
8.6700e-01
7.6308e-01
9.0947e-01
5.5852e-01
5.2766e-01
9.0876e-01
7.7567e-01
7.0979e-01
4.7987e-01
5.6855e-01
8.5323e-01
8.6794e-01
7.0979e-01
8.8338e-01
6.1762e-01
8.4194e-01
8.8338e-01
8.5053e-01
8.2746e-01
8.5756e-01
8.8627e-01
8.1797e-01
4.3650e-01
9.1179e-01
8.6111e-01
6.8605e-01
6.6796e-01
7.6315e-01
7.5579e-01
8.4150e-01
6.5593e-01
7.0779e-01
7.4656e-01
6.6900e-01
8.6111e-01
9.1502e-01
6.3232e-01
8.3034e-01
7.9723e-01
8.9450e-01
8.9472e-01
6.6791e-01
8.9493e-01
7.9763e-01
6.5150e-01
8.8337e-01
7.0454e-01
6.6819e-01
8.8933e-01
9.2561e-01
6.8928e-01
9.0212e-01
6.8605e-01
8.0919e-01
6.5066e-01
6.1097e-01
6.8135e-01
7.2591e-01
9.2174e-01
7.0256e-01
9.2350e-01
9.2443e-01
8.5323e-01
7.0684e-01
8.8091e-01
8.3706e-01
6.8354e-01
7.8589e-01
7.3321e-01
7.1132e-01
8.6375e-01
7.4656e-01
7.9723e-01
3.0542e-01
6.2597e-01
7.9763e-01
6.6796e-01
6.5150e-01
7.2591e-01
7.8519e-01
5.5237e-01
9.0250e-01
7.7839e-01
6.4189e-01
8.8947e-02
6.1877e-01
8.9958e-01
9.1233e-01
9.2350e-01
5.5248e-01
4.2908e-01
6.4413e-01
7.0101e-01
7.7545e-01
5.8544e-01
6.7179e-01
7.2751e-01
4.2725e-01
3.0986e-01
3.0542e-01
8.1315e-01
5.6847e-01
6.3232e-01
7.5452e-01
7.4005e-01
8.4150e-01
6.2981e-01
8.9493e-01
9.0644e-01
7.6842e-01
8.8233e-01
8.0919e-01
8.2899e-01
4.2908e-01
6.0416e-01
6.5797e-01
6.4874e-01
8.8091e-01
9.1967e-01
8.4123e-01
7.2137e-01
9.2174e-01
6.6900e-01
8.5756e-01
9.2443e-01
6.8913e-01
6.5593e-01
3.5276e-01
3.4320e-01
7.0454e-01
9.0705e-01
8.8753e-01
5.9726e-01
8.1797e-01
8.7536e-01
6.4166e-01
7.4250e-01
4.2725e-01
8.8943e-01
6.5797e-01
8.4497e-01
5.6847e-01
9.1840e-01
7.3321e-01
8.8933e-01
7.2656e-01
8.9678e-01
7.0256e-01
8.8642e-01
8.2376e-01
5.9799e-01
7.4250e-01
8.8627e-01
7.9345e-01
8.7851e-01
7.0780e-01
8.8402e-01
8.5746e-01
8.8402e-01
6.2394e-01
8.9006e-01
6.5015e-01
9.2561e-01
8.6733e-01
5.5381e-01
8.0528e-01
8.9026e-01
5.6130e-01
8.3191e-01
8.5977e-01
9.1611e-01
9.2217e-01
8.8947e-02
8.6427e-01
5.5180e-01
2.8882e-01
8.6733e-01
9.0759e-01
8.7981e-01
7.5579e-01
7.6661e-01
8.6107e-01
7.3675e-01
7.0112e-01
7.8231e-01
4.7987e-01
7.2656e-01
8.7412e-01
7.8589e-01
8.5630e-01
7.9732e-01
7.8519e-01
3.9679e-01
7.6652e-01
9.2465e-01
9.1246e-01
4.0684e-01
7.0780e-01
8.6375e-01
4.0684e-01
3.4320e-01
7.5899e-01
7.9982e-01
6.3521e-01
9.0705e-01
9.1707e-01
7.7567e-01
8.7536e-01
7.2751e-01
7.6652e-01
4.3650e-01
7.1132e-01
8.3706e-01
8.6700e-01
7.8609e-01
6.4874e-01
8.3034e-01
9.2064e-01
6.4166e-01
7.0112e-01
8.2376e-01
9.1707e-01
8.5630e-01
9.1246e-01
8.5798e-01
6.3521e-01
8.1389e-01
7.2137e-01
9.1089e-01
8.4497e-01
6.6791e-01
6.2597e-01
6.4413e-01
7.6315e-01
7.7839e-01
9.0250e-01
8.9958e-01
9.0576e-01
8.9678e-01
8.4393e-01
9.1635e-01
8.5053e-01
7.6762e-01
6.8354e-01
6.5066e-01
7.6539e-01
7.7545e-01
8.2512e-01
9.1179e-01
7.8231e-01
9.1775e-01
8.7981e-01
8.4963e-01
8.9662e-01
8.5977e-01
7.6965e-01
7.6965e-01
7.5452e-01
9.2465e-01
