1745626979791 9.536874055862427 0
1745626989783 9.47378659248352 1
1745626999498 9.675365209579468 2
1745627009008 9.467350482940674 3
1745627018684 9.632628917694092 4
1745627028450 9.723129272460938 5
1745627038266 9.755744457244873 6
1745627048456 9.661174297332764 7
1745627058649 9.819586992263794 8
1745627068903 9.73340368270874 9
1745627079290 9.83304238319397 10
1745627089707 10.042081832885742 11
1745627099348 9.594955682754517 12
1745627109595 9.704522609710693 13
1745627120030 9.910809755325317 14
1745627129997 9.921918153762817 15
1745627140001 9.961521863937378 16
1745627149764 9.71690559387207 17
1745627160059 9.917221307754517 18
1745627169729 9.624046802520752 19
1745627179569 9.793987035751343 20
1745627189453 9.832801580429077 21
1745627199549 10.047569274902344 22
1745627209309 9.709049940109253 23
1745627219540 10.17850136756897 24
