1745626979791 0.0 0
1745626989783 1.0 1
1745626999498 2.0 2
1745627009008 3.0 3
1745627018684 4.0 4
1745627028450 5.0 5
1745627038266 6.0 6
1745627048456 7.0 7
1745627058649 8.0 8
1745627068903 9.0 9
1745627079290 10.0 10
1745627089707 11.0 11
1745627099348 12.0 12
1745627109595 13.0 13
1745627120030 14.0 14
1745627129997 15.0 15
1745627140001 16.0 16
1745627149764 17.0 17
1745627160059 18.0 18
1745627169729 19.0 19
1745627179569 20.0 20
1745627189453 21.0 21
1745627199549 22.0 22
1745627209309 23.0 23
1745627219540 24.0 24
