1745626979791 0.0008176065748557448 0
1745626989783 0.0011399254435673356 1
1745626999498 0.0020730802789330482 2
1745627009008 0.008106906898319721 3
1745627018684 0.08269275724887848 4
1745627028450 0.1943982094526291 5
1745627038266 0.4624587595462799 6
1745627048456 0.7528769373893738 7
1745627058649 1.315898060798645 8
1745627068903 2.157912015914917 9
1745627079290 3.329674005508423 10
1745627089707 5.274044990539551 11
1745627099348 8.088644981384277 12
1745627109595 12.286745071411133 13
1745627120030 17.957841873168945 14
1745627129997 26.184024810791016 15
1745627140001 36.28904724121094 16
1745627149764 45.83084487915039 17
1745627160059 51.02402114868164 18
1745627169729 44.71065139770508 19
1745627179569 50.724609375 20
1745627189453 54.234439849853516 21
1745627199549 51.204498291015625 22
1745627209309 56.17430877685547 23
1745627219540 50.11986541748047 24
