1745626979791 -0.0636405199766159 0
1745626989783 -0.06369899213314056 1
1745626999498 -0.06403309851884842 2
1745627009008 -0.06342346966266632 3
1745627018684 -0.05874720960855484 4
1745627028450 -0.03806648775935173 5
1745627038266 -0.007289485540241003 6
1745627048456 0.027270643040537834 7
1745627058649 0.06569339334964752 8
1745627068903 0.10776357352733612 9
1745627079290 0.15399783849716187 10
1745627089707 0.20474563539028168 11
1745627099348 0.2582687735557556 12
1745627109595 0.3169628977775574 13
1745627120030 0.3776603937149048 14
1745627129997 0.441506028175354 15
1745627140001 0.503872275352478 16
1745627149764 0.5668346881866455 17
1745627160059 0.6250744462013245 18
1745627169729 0.6772207617759705 19
1745627179569 0.710354208946228 20
1745627189453 0.7245703935623169 21
1745627199549 0.728605329990387 22
1745627209309 0.734952986240387 23
1745627219540 0.7323890328407288 24
