1745626979791 7.550006866455078 0
1745626989783 7.550006866455078 1
1745626999498 7.550006866455078 2
1745627009008 7.549993515014648 3
1745627018684 7.549729824066162 4
1745627028450 7.549153804779053 5
1745627038266 7.5464630126953125 6
1745627048456 7.544003486633301 7
1745627058649 7.541548252105713 8
1745627068903 7.529451370239258 9
1745627079290 7.526249885559082 10
1745627089707 7.498740196228027 11
1745627099348 7.481475830078125 12
1745627109595 7.438120365142822 13
1745627120030 7.435062885284424 14
1745627129997 7.254611968994141 15
1745627140001 7.186550617218018 16
1745627149764 7.082399368286133 17
1745627160059 7.0001373291015625 18
1745627169729 7.071657180786133 19
1745627179569 7.022120475769043 20
1745627189453 6.883790016174316 21
1745627199549 6.714982986450195 22
1745627209309 6.630056858062744 23
1745627219540 6.991817474365234 24
