1745626979791 -0.0035792184062302113 0
1745626989783 0.02852397970855236 1
1745626999498 0.029529806226491928 2
1745627009008 -0.043809618800878525 3
1745627018684 0.001161280320957303 4
1745627028450 0.12302674353122711 5
1745627038266 0.22985228896141052 6
1745627048456 0.29380837082862854 7
1745627058649 0.3777913451194763 8
1745627068903 0.48430225253105164 9
1745627079290 0.4661085605621338 10
1745627089707 0.4938044250011444 11
1745627099348 0.54563307762146 12
1745627109595 0.5282400250434875 13
1745627120030 0.5656646490097046 14
1745627129997 0.5654482841491699 15
1745627140001 0.5695946216583252 16
1745627149764 0.5933734178543091 17
1745627160059 0.5683209300041199 18
1745627169729 0.5787434577941895 19
1745627179569 0.595293402671814 20
1745627189453 0.6067023277282715 21
1745627199549 0.6216331124305725 22
1745627209309 0.6084434986114502 23
1745627219540 0.6169785857200623 24
