1745626979791 0.7413703799247742 0
1745626989783 0.73960280418396 1
1745626999498 0.7386458516120911 2
1745627009008 0.7411105036735535 3
1745627018684 0.737959086894989 4
1745627028450 0.7391039729118347 5
1745627038266 0.7390725612640381 6
1745627048456 0.7403146624565125 7
1745627058649 0.7378628849983215 8
1745627068903 0.7400537133216858 9
1745627079290 0.7386041879653931 10
1745627089707 0.7392575740814209 11
1745627099348 0.7406874895095825 12
1745627109595 0.7407914996147156 13
1745627120030 0.7394792437553406 14
1745627129997 0.7392939925193787 15
1745627140001 0.7393110394477844 16
1745627149764 0.7402857542037964 17
1745627160059 0.7379779815673828 18
1745627169729 0.7398339509963989 19
1745627179569 0.7385720014572144 20
1745627189453 0.7378476858139038 21
1745627199549 0.7395703196525574 22
1745627209309 0.7389720678329468 23
1745627219540 0.7383471727371216 24
