9.3791e-01
6.5916e-01
9.3408e-01
7.2159e-01
9.7685e-01
6.2213e-01
7.3240e-01
9.1842e-01
7.7064e-01
8.6136e-01
9.5458e-01
7.0873e-01
5.4980e-01
6.7003e-01
5.9228e-01
7.2462e-01
7.6295e-01
5.8697e-01
6.8382e-01
7.5374e-01
5.6796e-01
9.5576e-01
5.9368e-01
9.5970e-01
7.0476e-01
9.1969e-01
9.1620e-01
9.1842e-01
9.6946e-01
6.9700e-01
4.7151e-01
7.2493e-01
7.5351e-01
7.0992e-01
5.6888e-01
6.0269e-01
7.8613e-01
6.3128e-01
8.9286e-01
6.9062e-01
8.8173e-01
7.1410e-01
8.9350e-01
8.3507e-01
7.2347e-01
8.1135e-01
9.5808e-01
7.0288e-01
8.6589e-01
6.4085e-01
9.1449e-01
8.1153e-01
9.3672e-01
7.3881e-01
7.8613e-01
9.6946e-01
6.8289e-01
7.5351e-01
5.4307e-01
8.6136e-01
8.4772e-01
6.7008e-01
8.7064e-01
8.7064e-01
6.6942e-01
7.6400e-01
6.4023e-01
6.5984e-01
7.2603e-01
7.0288e-01
6.7008e-01
9.3049e-01
9.5489e-01
5.9609e-01
8.9930e-01
6.6118e-01
9.7744e-01
7.7064e-01
5.9609e-01
9.9420e-01
5.9912e-01
6.8993e-01
6.7936e-01
5.9368e-01
7.9283e-01
9.1640e-01
6.8993e-01
8.3757e-01
8.5754e-01
9.3408e-01
8.3757e-01
9.4512e-01
9.5679e-01
8.5996e-01
7.2752e-01
6.5025e-01
5.0859e-01
9.8466e-01
7.8787e-01
6.9592e-01
6.0661e-01
7.2594e-01
8.4301e-01
8.0572e-01
7.9578e-01
9.1449e-01
7.5096e-01
7.7636e-01
7.8787e-01
7.2603e-01
6.2099e-01
8.1227e-01
5.5041e-01
9.7512e-01
6.4126e-01
6.0531e-01
8.7894e-01
9.1601e-01
6.4433e-01
8.7174e-01
7.6035e-01
5.8697e-01
9.2405e-01
9.8315e-01
6.9062e-01
6.7890e-01
6.9592e-01
6.1636e-01
7.6305e-01
7.2493e-01
7.6295e-01
5.6218e-01
9.6648e-01
5.9428e-01
9.4552e-01
9.8470e-01
7.9283e-01
7.2462e-01
8.4797e-01
6.6209e-01
4.7926e-01
8.1487e-01
6.5894e-01
6.5914e-01
8.6418e-01
7.5096e-01
5.5041e-01
6.5725e-01
8.0493e-01
9.1601e-01
6.0661e-01
6.4433e-01
5.6218e-01
6.0488e-01
5.6888e-01
8.6669e-01
8.8269e-01
6.8859e-01
5.5375e-01
6.2723e-01
9.9805e-01
9.5192e-01
9.4552e-01
6.1537e-01
6.4165e-01
5.2046e-01
5.7946e-01
5.9415e-01
6.9700e-01
6.2423e-01
6.6492e-01
5.6690e-01
4.6504e-01
6.5725e-01
8.8259e-01
8.6512e-01
6.2099e-01
9.1090e-01
6.9817e-01
8.0572e-01
4.7151e-01
8.7894e-01
9.8898e-01
7.5374e-01
9.0872e-01
6.1636e-01
6.4023e-01
6.4165e-01
8.3507e-01
6.3160e-01
6.0482e-01
8.4797e-01
9.7811e-01
7.0873e-01
6.7985e-01
9.6648e-01
7.7636e-01
8.5996e-01
9.8470e-01
6.6013e-01
7.9578e-01
8.1000e-01
9.0266e-01
7.6035e-01
9.1514e-01
9.7685e-01
6.8289e-01
6.5025e-01
8.4417e-01
6.1750e-01
6.7316e-01
5.6690e-01
8.8917e-01
6.3160e-01
9.0581e-01
8.6512e-01
7.3240e-01
6.5894e-01
9.2405e-01
5.7699e-01
8.9675e-01
5.9428e-01
9.3672e-01
8.5467e-01
5.4980e-01
6.7316e-01
7.2752e-01
8.6736e-01
9.5808e-01
8.3024e-01
9.1058e-01
8.5449e-01
9.1058e-01
6.3724e-01
9.5576e-01
6.3128e-01
9.8315e-01
6.1961e-01
6.2213e-01
8.4772e-01
9.3798e-01
6.0187e-01
7.0992e-01
7.0005e-01
9.5596e-01
9.5458e-01
5.5375e-01
9.3049e-01
6.5984e-01
5.4307e-01
6.1961e-01
8.8625e-01
7.6861e-01
8.4301e-01
8.1527e-01
7.2860e-01
7.0476e-01
9.4078e-01
6.4952e-01
6.7936e-01
5.7699e-01
8.1153e-01
8.1487e-01
7.4704e-01
7.2347e-01
6.0488e-01
5.9228e-01
5.9365e-01
8.3800e-01
9.9364e-01
8.3639e-01
8.3024e-01
8.6418e-01
8.3639e-01
9.0266e-01
6.7003e-01
7.3881e-01
6.2796e-01
9.1514e-01
8.3007e-01
5.9912e-01
8.4417e-01
6.6492e-01
5.9365e-01
5.0859e-01
6.5914e-01
6.6209e-01
8.9930e-01
7.2159e-01
6.0482e-01
8.1227e-01
9.7184e-01
6.1750e-01
9.4078e-01
8.5467e-01
8.3007e-01
7.4704e-01
9.9364e-01
8.3731e-01
6.2796e-01
5.6796e-01
6.7985e-01
7.4685e-01
9.0581e-01
6.0531e-01
8.0493e-01
5.2046e-01
7.2594e-01
8.8269e-01
8.6669e-01
9.9805e-01
9.3791e-01
8.9675e-01
7.7901e-01
9.1969e-01
9.4512e-01
6.6942e-01
4.7926e-01
7.6305e-01
7.1410e-01
5.9415e-01
8.6589e-01
9.8466e-01
6.4952e-01
9.0264e-01
7.6861e-01
8.9286e-01
8.2420e-01
7.0005e-01
7.2344e-01
7.2344e-01
9.1090e-01
8.3800e-01
