9.9356e-02
9.3596e-02
1.0630e-01
9.3952e-02
1.0437e-01
9.3128e-02
9.5803e-02
1.0079e-01
9.6001e-02
9.8836e-02
1.0888e-01
9.4579e-02
8.8802e-02
9.2855e-02
9.1806e-02
9.6333e-02
9.5106e-02
9.3599e-02
8.9835e-02
9.2150e-02
9.3692e-02
1.2159e-01
9.3470e-02
1.1374e-01
9.2894e-02
9.7282e-02
9.6824e-02
1.0079e-01
9.6819e-02
8.8629e-02
9.4576e-02
9.4941e-02
9.6835e-02
9.7826e-02
9.4899e-02
9.2788e-02
1.0418e-01
9.0600e-02
9.5026e-02
9.6158e-02
1.1162e-01
9.3452e-02
1.1258e-01
1.0014e-01
1.0131e-01
9.7172e-02
9.9283e-02
9.5914e-02
9.3643e-02
9.2396e-02
1.0051e-01
9.2703e-02
1.1141e-01
9.1603e-02
1.0418e-01
9.6819e-02
9.6171e-02
9.6835e-02
9.4958e-02
9.8836e-02
9.4687e-02
9.4117e-02
9.7354e-02
9.7354e-02
9.9614e-02
9.8864e-02
8.9707e-02
9.2236e-02
1.0638e-01
9.5914e-02
9.4117e-02
1.0297e-01
1.1233e-01
9.2923e-02
9.9771e-02
9.2221e-02
1.1190e-01
9.6001e-02
9.2923e-02
1.1158e-01
9.4688e-02
9.6071e-02
9.2337e-02
9.3470e-02
1.0423e-01
1.0220e-01
9.6071e-02
9.1926e-02
9.1180e-02
1.0630e-01
9.1926e-02
9.4297e-02
9.9016e-02
9.5334e-02
9.6344e-02
9.6536e-02
8.7971e-02
1.1794e-01
9.3737e-02
9.8387e-02
8.8950e-02
9.2863e-02
9.5231e-02
1.0335e-01
9.9469e-02
1.0051e-01
1.0652e-01
8.8707e-02
9.3737e-02
1.0638e-01
8.8940e-02
9.2172e-02
9.6141e-02
1.1204e-01
9.5139e-02
8.8372e-02
1.0236e-01
1.0572e-01
9.5719e-02
1.0872e-01
9.8442e-02
9.3599e-02
9.3004e-02
1.2028e-01
9.6158e-02
9.9317e-02
9.8387e-02
8.9385e-02
9.2267e-02
9.4941e-02
9.5106e-02
9.6057e-02
1.0638e-01
9.2210e-02
1.1057e-01
1.1086e-01
1.0423e-01
9.6333e-02
1.0841e-01
9.4214e-02
9.8804e-02
9.1345e-02
9.8964e-02
1.0116e-01
9.4056e-02
1.0652e-01
9.6141e-02
9.2088e-02
9.6684e-02
1.0572e-01
8.8950e-02
9.5719e-02
9.6057e-02
9.4119e-02
9.4899e-02
1.0361e-01
9.2940e-02
1.0250e-01
9.3335e-02
8.9046e-02
1.0261e-01
1.1595e-01
1.1057e-01
8.9955e-02
9.2882e-02
9.2279e-02
8.8718e-02
8.8805e-02
8.8629e-02
9.3368e-02
9.2190e-02
8.8743e-02
8.8876e-02
9.2088e-02
9.7642e-02
9.7991e-02
8.8940e-02
1.2068e-01
9.3557e-02
1.0335e-01
9.4576e-02
1.0236e-01
1.1213e-01
9.2150e-02
9.1828e-02
8.9385e-02
8.9707e-02
9.2882e-02
1.0014e-01
8.8931e-02
8.8582e-02
1.0841e-01
9.4123e-02
9.4579e-02
9.4220e-02
1.0638e-01
8.8707e-02
9.5334e-02
1.1086e-01
9.6177e-02
9.9469e-02
9.8455e-02
8.6363e-02
9.8442e-02
1.1601e-01
1.0437e-01
9.6171e-02
9.6536e-02
1.1177e-01
8.9802e-02
9.5476e-02
8.8743e-02
9.7885e-02
8.8931e-02
1.1388e-01
9.7991e-02
9.5803e-02
9.8964e-02
9.3004e-02
9.3892e-02
1.0731e-01
9.2210e-02
1.1141e-01
1.0014e-01
8.8802e-02
9.5476e-02
9.6344e-02
9.6640e-02
9.9283e-02
9.6072e-02
1.0519e-01
9.6965e-02
1.0519e-01
9.8190e-02
1.2159e-01
9.0600e-02
1.2028e-01
9.5826e-02
9.3128e-02
9.4687e-02
1.0139e-01
9.3392e-02
9.7826e-02
9.8402e-02
1.1596e-01
1.0888e-01
9.3335e-02
1.0297e-01
9.2236e-02
9.4958e-02
9.5826e-02
1.1636e-01
9.4768e-02
9.5231e-02
9.8333e-02
9.6828e-02
9.2894e-02
1.0320e-01
9.8242e-02
9.2337e-02
9.3892e-02
9.2703e-02
9.1345e-02
9.6573e-02
1.0131e-01
9.4119e-02
9.1806e-02
9.2816e-02
9.6103e-02
1.1826e-01
1.0146e-01
9.6072e-02
9.4056e-02
1.0146e-01
8.6363e-02
9.2855e-02
9.1603e-02
9.2918e-02
1.1601e-01
9.5886e-02
9.4688e-02
1.1177e-01
9.2190e-02
9.2816e-02
8.7971e-02
1.0116e-01
9.4214e-02
9.9771e-02
9.3952e-02
8.8582e-02
9.2172e-02
1.1360e-01
8.9802e-02
1.0320e-01
1.0014e-01
9.5886e-02
9.6573e-02
1.1826e-01
8.8418e-02
9.2918e-02
9.3692e-02
9.4220e-02
9.9631e-02
1.1388e-01
8.8372e-02
9.6684e-02
9.2279e-02
9.2863e-02
9.2940e-02
1.0361e-01
1.0261e-01
9.9356e-02
1.0731e-01
9.5843e-02
9.7282e-02
9.4297e-02
9.9614e-02
9.8804e-02
9.2267e-02
9.3452e-02
8.8805e-02
9.3643e-02
1.1794e-01
9.8242e-02
1.0256e-01
9.4768e-02
9.5026e-02
9.6050e-02
9.8402e-02
1.0416e-01
1.0416e-01
1.2068e-01
9.6103e-02
