1745677754106 7.163045644760132 0
1745677761600 7.191479206085205 1
1745677769081 7.446940183639526 2
1745677776654 7.536376714706421 3
1745677783981 7.290674924850464 4
1745677791429 7.412353754043579 5
1745677798790 7.322163343429565 6
1745677806293 7.466039419174194 7
1745677813707 7.374945163726807 8
1745677821407 7.4002525806427 9
1745677828929 7.105467796325684 10
1745677836687 7.319117784500122 11
1745677844402 7.416536808013916 12
1745677852099 7.285284042358398 13
1745677860167 7.777275085449219 14
1745677867821 7.237719297409058 15
1745677875594 7.331763982772827 16
1745677882892 7.261490106582642 17
1745677890573 7.3763039112091064 18
1745677897751 7.141550540924072 19
1745677905108 7.318042755126953 20
1745677912490 7.34415078163147 21
1745677919945 7.413753032684326 22
1745677927466 7.223513841629028 23
1745677934798 7.294720649719238 24
