1745677754106 0.0 0
1745677761600 1.0 1
1745677769081 2.0 2
1745677776654 3.0 3
1745677783981 4.0 4
1745677791429 5.0 5
1745677798790 6.0 6
1745677806293 7.0 7
1745677813707 8.0 8
1745677821407 9.0 9
1745677828929 10.0 10
1745677836687 11.0 11
1745677844402 12.0 12
1745677852099 13.0 13
1745677860167 14.0 14
1745677867821 15.0 15
1745677875594 16.0 16
1745677882892 17.0 17
1745677890573 18.0 18
1745677897751 19.0 19
1745677905108 20.0 20
1745677912490 21.0 21
1745677919945 22.0 22
1745677927466 23.0 23
1745677934798 24.0 24
