1745677754106 0.0006179122137837112 0
1745677761600 0.0007898980984464288 1
1745677769081 0.0010145986452698708 2
1745677776654 0.0013464579824358225 3
1745677783981 0.0021323594264686108 4
1745677791429 0.004520190879702568 5
1745677798790 0.00952630303800106 6
1745677806293 0.03905617818236351 7
1745677813707 0.16136391460895538 8
1745677821407 0.4886865019798279 9
1745677828929 1.0025386810302734 10
1745677836687 1.7674858570098877 11
1745677844402 3.0062623023986816 12
1745677852099 5.362612247467041 13
1745677860167 8.968313217163086 14
1745677867821 13.415740966796875 15
1745677875594 20.0872802734375 16
1745677882892 32.99124526977539 17
1745677890573 46.179264068603516 18
1745677897751 61.853050231933594 19
1745677905108 77.07875061035156 20
1745677912490 98.07320404052734 21
1745677919945 97.808837890625 22
1745677927466 117.77302551269531 23
1745677934798 122.02044677734375 24
