1745677754106 0.009693796746432781 0
1745677761600 0.00954374112188816 1
1745677769081 0.009505433030426502 2
1745677776654 0.00956097710877657 3
1745677783981 0.00960620865225792 4
1745677791429 0.00967509113252163 5
1745677798790 0.009782596491277218 6
1745677806293 0.009869401343166828 7
1745677813707 0.016613824293017387 8
1745677821407 0.043136049062013626 9
1745677828929 0.07707434892654419 10
1745677836687 0.11486145108938217 11
1745677844402 0.15566709637641907 12
1745677852099 0.20125584304332733 13
1745677860167 0.251676082611084 14
1745677867821 0.30540019273757935 15
1745677875594 0.36213308572769165 16
1745677882892 0.42353716492652893 17
1745677890573 0.4823285639286041 18
1745677897751 0.5445052981376648 19
1745677905108 0.6031409502029419 20
1745677912490 0.6586139798164368 21
1745677919945 0.6949883699417114 22
1745677927466 0.7262588739395142 23
1745677934798 0.7360150814056396 24
