1745677754106 40.299949645996094 0
1745677761600 40.299949645996094 1
1745677769081 40.299949645996094 2
1745677776654 40.299949645996094 3
1745677783981 40.299949645996094 4
1745677791429 40.299957275390625 5
1745677798790 40.2999382019043 6
1745677806293 40.29961013793945 7
1745677813707 40.299808502197266 8
1745677821407 40.29505157470703 9
1745677828929 40.28812026977539 10
1745677836687 40.28034591674805 11
1745677844402 40.251529693603516 12
1745677852099 40.203399658203125 13
1745677860167 40.20449447631836 14
1745677867821 40.056884765625 15
1745677875594 39.917625427246094 16
1745677882892 39.86819076538086 17
1745677890573 39.300872802734375 18
1745677897751 38.92035675048828 19
1745677905108 38.966819763183594 20
1745677912490 38.14772415161133 21
1745677919945 38.09864807128906 22
1745677927466 37.64566421508789 23
1745677934798 37.239662170410156 24
