1745677754106 0.03757745772600174 0
1745677761600 -0.02155115455389023 1
1745677769081 0.04735337942838669 2
1745677776654 0.003496466903015971 3
1745677783981 -0.023071782663464546 4
1745677791429 0.051735833287239075 5
1745677798790 -0.01164623536169529 6
1745677806293 0.06815700978040695 7
1745677813707 0.03632492944598198 8
1745677821407 -0.0017484314739704132 9
1745677828929 0.11301971226930618 10
1745677836687 0.2716825604438782 11
1745677844402 0.3771824836730957 12
1745677852099 0.4109955132007599 13
1745677860167 0.47867104411125183 14
1745677867821 0.49995657801628113 15
1745677875594 0.5444961786270142 16
1745677882892 0.5252776741981506 17
1745677890573 0.5407253503799438 18
1745677897751 0.550814688205719 19
1745677905108 0.5612618923187256 20
1745677912490 0.5547987818717957 21
1745677919945 0.5829545259475708 22
1745677927466 0.5895367860794067 23
1745677934798 0.6138017177581787 24
