1745677754106 0.7445608377456665 0
1745677761600 0.7444571256637573 1
1745677769081 0.7434104681015015 2
1745677776654 0.7454238533973694 3
1745677783981 0.7436470985412598 4
1745677791429 0.7447217106819153 5
1745677798790 0.7435270547866821 6
1745677806293 0.744846761226654 7
1745677813707 0.7429988384246826 8
1745677821407 0.7440491318702698 9
1745677828929 0.7459425330162048 10
1745677836687 0.7426018714904785 11
1745677844402 0.7429852485656738 12
1745677852099 0.7439756989479065 13
1745677860167 0.7442522048950195 14
1745677867821 0.7450199127197266 15
1745677875594 0.7442350387573242 16
1745677882892 0.7437542676925659 17
1745677890573 0.742668867111206 18
1745677897751 0.7440719604492188 19
1745677905108 0.7437270879745483 20
1745677912490 0.7452980875968933 21
1745677919945 0.7436633110046387 22
1745677927466 0.7430290579795837 23
1745677934798 0.743963360786438 24
