1745677492138 7.028407335281372 0
1745677499688 7.27225923538208 1
1745677506995 7.272923231124878 2
1745677514323 7.29266619682312 3
1745677521737 7.378273963928223 4
1745677529127 7.3510918617248535 5
1745677536582 7.417730093002319 6
1745677544392 7.490156412124634 7
1745677552247 7.412822961807251 8
1745677559541 7.259399175643921 9
1745677567238 7.395670175552368 10
1745677574759 7.100780010223389 11
1745677582517 7.310781002044678 12
1745677589869 7.316558361053467 13
1745677597727 7.820744752883911 14
1745677605155 7.389883756637573 15
1745677612733 7.264774799346924 16
1745677620247 7.091107368469238 17
1745677627524 7.242904424667358 18
1745677634850 7.2899346351623535 19
1745677642595 7.3011064529418945 20
1745677650257 7.366106033325195 21
1745677657642 7.347804307937622 22
1745677665027 7.348722457885742 23
1745677672311 7.244909048080444 24
