1745677492138 0.0 0
1745677499688 1.0 1
1745677506995 2.0 2
1745677514323 3.0 3
1745677521737 4.0 4
1745677529127 5.0 5
1745677536582 6.0 6
1745677544392 7.0 7
1745677552247 8.0 8
1745677559541 9.0 9
1745677567238 10.0 10
1745677574759 11.0 11
1745677582517 12.0 12
1745677589869 13.0 13
1745677597727 14.0 14
1745677605155 15.0 15
1745677612733 16.0 16
1745677620247 17.0 17
1745677627524 18.0 18
1745677634850 19.0 19
1745677642595 20.0 20
1745677650257 21.0 21
1745677657642 22.0 22
1745677665027 23.0 23
1745677672311 24.0 24
