1745677492138 0.002828041324391961 0
1745677499688 0.0068681444972753525 1
1745677506995 0.03521784022450447 2
1745677514323 0.05998406559228897 3
1745677521737 0.08739839494228363 4
1745677529127 0.18002045154571533 5
1745677536582 0.3678353428840637 6
1745677544392 0.774834394454956 7
1745677552247 1.4969178438186646 8
1745677559541 2.558635950088501 9
1745677567238 4.4872565269470215 10
1745677574759 7.1720380783081055 11
1745677582517 11.09505558013916 12
1745677589869 16.607276916503906 13
1745677597727 24.826374053955078 14
1745677605155 36.06657409667969 15
1745677612733 52.961246490478516 16
1745677620247 66.20326232910156 17
1745677627524 86.4703140258789 18
1745677634850 94.57923889160156 19
1745677642595 108.04185485839844 20
1745677650257 124.77140808105469 21
1745677657642 146.2947998046875 22
1745677665027 145.96514892578125 23
1745677672311 163.14329528808594 24
