1745677492138 -0.06062798574566841 0
1745677499688 -0.060616593807935715 1
1745677506995 -0.06092863902449608 2
1745677514323 -0.061139822006225586 3
1745677521737 -0.055410850793123245 4
1745677529127 -0.04126817733049393 5
1745677536582 -0.019679199904203415 6
1745677544392 0.010279476642608643 7
1745677552247 0.04626525565981865 8
1745677559541 0.0869804322719574 9
1745677567238 0.13150554895401 10
1745677574759 0.18046802282333374 11
1745677582517 0.23263739049434662 12
1745677589869 0.28849074244499207 13
1745677597727 0.34820035099983215 14
1745677605155 0.4095371663570404 15
1745677612733 0.47212326526641846 16
1745677620247 0.5376608967781067 17
1745677627524 0.5972278118133545 18
1745677634850 0.6550189256668091 19
1745677642595 0.7012961506843567 20
1745677650257 0.7237427830696106 21
1745677657642 0.7325621247291565 22
1745677665027 0.7377544641494751 23
1745677672311 0.737988293170929 24
