1745677492138 40.299949645996094 0
1745677499688 40.299949645996094 1
1745677506995 40.299922943115234 2
1745677514323 40.299652099609375 3
1745677521737 40.30015563964844 4
1745677529127 40.29854202270508 5
1745677536582 40.295494079589844 6
1745677544392 40.295936584472656 7
1745677552247 40.28325271606445 8
1745677559541 40.26878356933594 9
1745677567238 40.2274169921875 10
1745677574759 40.20478439331055 11
1745677582517 40.15034103393555 12
1745677589869 40.06498718261719 13
1745677597727 39.905799865722656 14
1745677605155 39.593021392822266 15
1745677612733 39.20008087158203 16
1745677620247 39.50394058227539 17
1745677627524 38.605255126953125 18
1745677634850 38.46283721923828 19
1745677642595 38.46743392944336 20
1745677650257 37.787410736083984 21
1745677657642 37.290950775146484 22
1745677665027 37.16101837158203 23
1745677672311 36.89743423461914 24
