1745677492138 -0.022264452651143074 0
1745677499688 0.005813542753458023 1
1745677506995 0.03307702764868736 2
1745677514323 0.03816935047507286 3
1745677521737 -0.004384107422083616 4
1745677529127 0.05262560024857521 5
1745677536582 0.16139335930347443 6
1745677544392 0.2127656191587448 7
1745677552247 0.3035573661327362 8
1745677559541 0.433062881231308 9
1745677567238 0.4399256706237793 10
1745677574759 0.4585837125778198 11
1745677582517 0.5025390386581421 12
1745677589869 0.5300014019012451 13
1745677597727 0.5508553385734558 14
1745677605155 0.5694433450698853 15
1745677612733 0.5569819808006287 16
1745677620247 0.5742087364196777 17
1745677627524 0.5928040146827698 18
1745677634850 0.5840490460395813 19
1745677642595 0.5885692238807678 20
1745677650257 0.6093921065330505 21
1745677657642 0.5853187441825867 22
1745677665027 0.5999513864517212 23
1745677672311 0.628332257270813 24
