1745677492138 0.7448437809944153 0
1745677499688 0.7446671724319458 1
1745677506995 0.7473452091217041 2
1745677514323 0.7470391988754272 3
1745677521737 0.7448651194572449 4
1745677529127 0.7461683750152588 5
1745677536582 0.7482542395591736 6
1745677544392 0.7455815672874451 7
1745677552247 0.7456293106079102 8
1745677559541 0.7452256679534912 9
1745677567238 0.746954619884491 10
1745677574759 0.7466643452644348 11
1745677582517 0.7448743581771851 12
1745677589869 0.7466909885406494 13
1745677597727 0.7444391846656799 14
1745677605155 0.74672532081604 15
1745677612733 0.7470754981040955 16
1745677620247 0.7469390034675598 17
1745677627524 0.7456063628196716 18
1745677634850 0.7437311410903931 19
1745677642595 0.745522141456604 20
1745677650257 0.7465089559555054 21
1745677657642 0.7463107109069824 22
1745677665027 0.7450411319732666 23
1745677672311 0.7471815347671509 24
