6.8018e-01
5.4982e-01
8.8526e-01
5.7690e-01
6.5213e-01
5.4909e-01
8.6414e-01
7.9751e-01
6.3661e-01
8.4017e-01
9.6354e-01
1.0367e+00
4.3823e-01
5.4860e-01
3.8008e-01
5.8333e-01
5.9823e-01
4.9715e-01
4.5538e-01
6.7299e-01
4.1399e-01
9.7126e-01
5.1784e-01
9.5823e-01
5.7525e-01
6.8304e-01
7.4221e-01
7.9751e-01
8.2510e-01
3.9156e-01
3.5067e-01
5.7440e-01
5.8197e-01
5.6817e-01
5.8115e-01
5.0134e-01
6.8968e-01
4.1969e-01
8.3752e-01
5.5206e-01
8.9059e-01
6.2836e-01
8.5773e-01
7.4384e-01
5.8523e-01
9.9114e-01
1.0414e+00
5.4004e-01
8.4673e-01
4.7071e-01
9.6367e-01
6.3830e-01
1.0117e+00
5.6532e-01
6.8968e-01
8.2510e-01
5.6751e-01
5.8197e-01
4.4894e-01
8.4017e-01
8.2511e-01
6.0849e-01
6.8095e-01
6.8095e-01
8.3025e-01
7.5168e-01
5.5979e-01
4.1936e-01
7.4445e-01
5.4004e-01
6.0849e-01
6.7246e-01
9.4411e-01
4.8778e-01
7.4014e-01
5.1295e-01
9.7404e-01
6.3661e-01
4.8778e-01
1.0469e+00
5.0785e-01
5.6033e-01
6.0506e-01
5.1784e-01
4.7014e-01
6.1528e-01
5.6033e-01
8.2130e-01
8.3631e-01
8.8526e-01
8.2130e-01
8.4662e-01
8.3737e-01
5.2661e-01
6.5962e-01
5.4116e-01
4.2877e-01
1.0240e+00
8.2540e-01
6.2112e-01
4.7213e-01
6.9966e-01
7.2864e-01
9.0113e-01
7.0915e-01
9.6367e-01
5.7874e-01
5.7897e-01
8.2540e-01
7.4445e-01
5.2702e-01
5.3086e-01
5.7004e-01
1.0114e+00
4.9408e-01
3.8248e-01
7.3796e-01
9.5115e-01
6.8615e-01
8.4989e-01
6.3707e-01
4.9715e-01
6.7927e-01
1.0066e+00
5.5206e-01
6.2805e-01
6.2112e-01
5.1751e-01
8.3815e-01
5.7440e-01
5.9823e-01
6.8050e-01
8.1332e-01
4.0755e-01
1.0128e+00
1.0187e+00
4.7014e-01
5.8333e-01
8.5267e-01
6.4958e-01
7.5823e-01
6.7529e-01
5.6241e-01
4.5928e-01
8.4532e-01
5.7874e-01
5.7004e-01
5.4084e-01
6.9062e-01
9.5115e-01
4.7213e-01
6.8615e-01
6.8050e-01
4.2210e-01
5.8115e-01
7.9923e-01
5.4511e-01
5.1265e-01
4.6715e-01
5.2536e-01
9.7785e-01
1.0265e+00
1.0128e+00
5.3352e-01
4.7496e-01
3.9976e-01
4.4707e-01
5.0733e-01
3.9156e-01
5.7997e-01
5.5256e-01
4.0811e-01
3.1647e-01
5.4084e-01
6.8127e-01
6.4320e-01
5.2702e-01
7.6510e-01
6.9279e-01
9.0113e-01
3.5067e-01
7.3796e-01
1.0018e+00
6.7299e-01
7.8533e-01
5.1751e-01
5.5979e-01
4.7496e-01
7.4384e-01
7.1361e-01
4.2472e-01
8.5267e-01
1.0115e+00
1.0367e+00
4.5108e-01
8.1332e-01
5.7897e-01
5.2661e-01
1.0187e+00
9.5546e-01
7.0915e-01
1.0076e+00
5.6357e-01
6.3707e-01
9.6402e-01
6.5213e-01
5.6751e-01
5.4116e-01
8.2570e-01
3.9262e-01
5.2784e-01
4.0811e-01
7.3816e-01
7.1361e-01
8.6714e-01
6.4320e-01
8.6414e-01
5.6241e-01
6.7927e-01
9.0666e-01
9.1690e-01
4.0755e-01
1.0117e+00
6.7930e-01
4.3823e-01
5.2784e-01
6.5962e-01
6.8227e-01
1.0414e+00
7.0160e-01
6.2969e-01
9.1396e-01
6.2969e-01
5.3934e-01
9.7126e-01
4.1969e-01
1.0066e+00
4.7102e-01
5.4909e-01
8.2511e-01
7.0399e-01
4.0569e-01
5.6817e-01
6.2274e-01
1.0266e+00
9.6354e-01
4.6715e-01
6.7246e-01
4.1936e-01
4.4894e-01
4.7102e-01
7.9140e-01
8.2336e-01
7.2864e-01
4.6798e-01
5.7912e-01
5.7525e-01
8.2591e-01
7.7765e-01
6.0506e-01
9.0666e-01
6.3830e-01
6.7529e-01
7.1624e-01
5.8523e-01
4.2210e-01
3.8008e-01
5.1878e-01
9.1842e-01
1.0393e+00
6.6437e-01
7.0160e-01
8.4532e-01
6.6437e-01
5.6357e-01
5.4860e-01
5.6532e-01
5.1030e-01
9.6402e-01
5.5846e-01
5.0785e-01
8.2570e-01
5.5256e-01
5.1878e-01
4.2877e-01
4.5928e-01
6.4958e-01
7.4014e-01
5.7690e-01
4.2472e-01
5.3086e-01
9.7946e-01
3.9262e-01
8.2591e-01
6.7930e-01
5.5846e-01
7.1624e-01
1.0393e+00
4.3745e-01
5.1030e-01
4.1399e-01
4.5108e-01
7.0683e-01
8.6714e-01
3.8248e-01
6.9062e-01
3.9976e-01
6.9966e-01
5.4511e-01
7.9923e-01
9.7785e-01
6.8018e-01
9.1690e-01
8.1748e-01
6.8304e-01
8.4662e-01
8.3025e-01
7.5823e-01
8.3815e-01
6.2836e-01
5.0733e-01
8.4673e-01
1.0240e+00
7.7765e-01
8.5492e-01
8.2336e-01
8.3752e-01
7.2877e-01
6.2274e-01
5.5847e-01
5.5847e-01
7.6510e-01
9.1842e-01
