1745693326092 7.3210365772247314 0
1745693333878 7.36433482170105 1
1745693341604 7.690484046936035 2
1745693349036 7.394016981124878 3
1745693356703 7.626498460769653 4
1745693364529 7.784173965454102 5
1745693372424 7.851811170578003 6
1745693380390 7.9212281703948975 7
1745693388291 7.855815410614014 8
1745693396277 7.93699836730957 9
1745693404325 7.744609594345093 10
1745693412655 7.886533498764038 11
1745693421038 8.071156978607178 12
1745693429444 7.964579105377197 13
1745693437631 7.883787393569946 14
1745693445888 7.80939245223999 15
1745693454156 7.818453311920166 16
1745693462323 7.870227336883545 17
1745693470722 7.944329261779785 18
1745693478831 7.80745267868042 19
1745693487231 7.931035757064819 20
1745693495733 8.053507089614868 21
1745693503670 7.892956733703613 22
1745693511943 7.954201698303223 23
1745693519819 7.829379320144653 24
