1745693326092 0.0 0
1745693333878 1.0 1
1745693341604 2.0 2
1745693349036 3.0 3
1745693356703 4.0 4
1745693364529 5.0 5
1745693372424 6.0 6
1745693380390 7.0 7
1745693388291 8.0 8
1745693396277 9.0 9
1745693404325 10.0 10
1745693412655 11.0 11
1745693421038 12.0 12
1745693429444 13.0 13
1745693437631 14.0 14
1745693445888 15.0 15
1745693454156 16.0 16
1745693462323 17.0 17
1745693470722 18.0 18
1745693478831 19.0 19
1745693487231 20.0 20
1745693495733 21.0 21
1745693503670 22.0 22
1745693511943 23.0 23
1745693519819 24.0 24
