1745693326092 0.0005598017014563084 0
1745693333878 0.0006611914723180234 1
1745693341604 0.0006771367625333369 2
1745693349036 0.0007670943159610033 3
1745693356703 0.0011583896121010184 4
1745693364529 0.002428067149594426 5
1745693372424 0.007733801379799843 6
1745693380390 0.0507737435400486 7
1745693388291 0.09142374992370605 8
1745693396277 0.25930255651474 9
1745693404325 0.5870988368988037 10
1745693412655 1.2394412755966187 11
1745693421038 1.9394172430038452 12
1745693429444 3.399303674697876 13
1745693437631 5.683537006378174 14
1745693445888 9.287256240844727 15
1745693454156 14.914299964904785 16
1745693462323 22.78165054321289 17
1745693470722 31.51726722717285 18
1745693478831 43.30076217651367 19
1745693487231 50.359073638916016 20
1745693495733 50.15978240966797 21
1745693503670 50.96269989013672 22
1745693511943 55.55210876464844 23
1745693519819 51.542633056640625 24
