1745693326092 -0.0012046381598338485 0
1745693333878 -0.0011899571400135756 1
1745693341604 -0.0011853742180392146 2
1745693349036 -0.0012028426863253117 3
1745693356703 -0.0012220124481245875 4
1745693364529 -0.0012120404280722141 5
1745693372424 -0.001228980254381895 6
1745693380390 0.0012956232530996203 7
1745693388291 0.012799580581486225 8
1745693396277 0.03737727552652359 9
1745693404325 0.06791336834430695 10
1745693412655 0.10703932493925095 11
1745693421038 0.1505218893289566 12
1745693429444 0.19818761944770813 13
1745693437631 0.25001150369644165 14
1745693445888 0.30460113286972046 15
1745693454156 0.36253154277801514 16
1745693462323 0.42384201288223267 17
1745693470722 0.4860849678516388 18
1745693478831 0.54799485206604 19
1745693487231 0.6086909174919128 20
1745693495733 0.6612858772277832 21
1745693503670 0.7032726407051086 22
1745693511943 0.7267513275146484 23
1745693519819 0.7312352061271667 24
