1745693326092 14.100013732910156 0
1745693333878 14.100013732910156 1
1745693341604 14.100013732910156 2
1745693349036 14.100013732910156 3
1745693356703 14.100013732910156 4
1745693364529 14.100013732910156 5
1745693372424 14.100007057189941 6
1745693380390 14.100041389465332 7
1745693388291 14.099782943725586 8
1745693396277 14.098623275756836 9
1745693404325 14.096867561340332 10
1745693412655 14.092215538024902 11
1745693421038 14.083813667297363 12
1745693429444 14.064760208129883 13
1745693437631 14.042838096618652 14
1745693445888 13.994421005249023 15
1745693454156 13.98900032043457 16
1745693462323 13.935955047607422 17
1745693470722 13.809686660766602 18
1745693478831 13.570137977600098 19
1745693487231 13.458895683288574 20
1745693495733 13.437141418457031 21
1745693503670 13.348328590393066 22
1745693511943 13.487833976745605 23
1745693519819 13.280776977539062 24
