1745693326092 0.004892030265182257 0
1745693333878 0.00016313104424625635 1
1745693341604 -0.025114046409726143 2
1745693349036 -0.03120146505534649 3
1745693356703 0.046020619571208954 4
1745693364529 -0.024945281445980072 5
1745693372424 0.0270533449947834 6
1745693380390 0.04720991477370262 7
1745693388291 0.01948583871126175 8
1745693396277 0.051306381821632385 9
1745693404325 0.1808607131242752 10
1745693412655 0.30690962076187134 11
1745693421038 0.37340909242630005 12
1745693429444 0.4517945349216461 13
1745693437631 0.49515730142593384 14
1745693445888 0.5412947535514832 15
1745693454156 0.5551184415817261 16
1745693462323 0.5531691312789917 17
1745693470722 0.5731297135353088 18
1745693478831 0.5945441722869873 19
1745693487231 0.6064485311508179 20
1745693495733 0.5909222960472107 21
1745693503670 0.5955813527107239 22
1745693511943 0.5919944643974304 23
1745693519819 0.6337827444076538 24
