1745693326092 0.7430936694145203 0
1745693333878 0.7447834610939026 1
1745693341604 0.7420085668563843 2
1745693349036 0.7426809072494507 3
1745693356703 0.7441343665122986 4
1745693364529 0.743169903755188 5
1745693372424 0.7431133985519409 6
1745693380390 0.7412642240524292 7
1745693388291 0.7446624636650085 8
1745693396277 0.7443456053733826 9
1745693404325 0.7424507737159729 10
1745693412655 0.7426030039787292 11
1745693421038 0.7440701723098755 12
1745693429444 0.7427045106887817 13
1745693437631 0.7439537048339844 14
1745693445888 0.745844841003418 15
1745693454156 0.7419382929801941 16
1745693462323 0.7440484762191772 17
1745693470722 0.742864191532135 18
1745693478831 0.7430348992347717 19
1745693487231 0.7439553141593933 20
1745693495733 0.7438234090805054 21
1745693503670 0.7424483895301819 22
1745693511943 0.7427018880844116 23
1745693519819 0.7428447008132935 24
