1745625658379 10.034136056900024 0
1745625669138 10.265344381332397 1
1745625678684 9.512633085250854 2
1745625688655 9.5962393283844 3
1745625698845 9.67664623260498 4
1745625708521 9.637886762619019 5
1745625718703 9.639904737472534 6
1745625728528 9.786271810531616 7
1745625738461 9.891411304473877 8
1745625748181 9.678987264633179 9
1745625758055 9.82901930809021 10
1745625767971 9.870789289474487 11
1745625778018 10.003339767456055 12
1745625787896 9.834273338317871 13
1745625798190 9.909520864486694 14
1745625807932 9.701831102371216 15
1745625818008 10.037555694580078 16
1745625827937 9.88536787033081 17
1745625837885 9.906333923339844 18
1745625848203 10.274056673049927 19
1745625858201 9.954011917114258 20
1745625868121 9.87614917755127 21
1745625878149 9.976978540420532 22
1745625888041 9.844733476638794 23
1745625898116 10.030915260314941 24
