1745625658379 0.0 0
1745625669138 1.0 1
1745625678684 2.0 2
1745625688655 3.0 3
1745625698845 4.0 4
1745625708521 5.0 5
1745625718703 6.0 6
1745625728528 7.0 7
1745625738461 8.0 8
1745625748181 9.0 9
1745625758055 10.0 10
1745625767971 11.0 11
1745625778018 12.0 12
1745625787896 13.0 13
1745625798190 14.0 14
1745625807932 15.0 15
1745625818008 16.0 16
1745625827937 17.0 17
1745625837885 18.0 18
1745625848203 19.0 19
1745625858201 20.0 20
1745625868121 21.0 21
1745625878149 22.0 22
1745625888041 23.0 23
1745625898116 24.0 24
