1745625658379 0.05329906940460205 0
1745625669138 0.8890568017959595 1
1745625678684 10.465991973876953 2
1745625688655 21.94986915588379 3
1745625698845 22.424589157104492 4
1745625708521 19.851533889770508 5
1745625718703 20.37433624267578 6
1745625728528 21.978267669677734 7
1745625738461 19.759794235229492 8
1745625748181 21.032869338989258 9
1745625758055 19.876148223876953 10
1745625767971 21.88320541381836 11
1745625778018 20.93617057800293 12
1745625787896 20.264535903930664 13
1745625798190 21.571861267089844 14
1745625807932 21.071178436279297 15
1745625818008 20.518157958984375 16
1745625827937 21.350688934326172 17
1745625837885 19.60258674621582 18
1745625848203 22.117399215698242 19
1745625858201 22.353849411010742 20
1745625868121 20.389179229736328 21
1745625878149 23.612701416015625 22
1745625888041 19.028968811035156 23
1745625898116 21.65489387512207 24
