1745625658379 -0.09541931748390198 0
1745625669138 0.02757938764989376 1
1745625678684 0.3285982310771942 2
1745625688655 0.7303063273429871 3
1745625698845 0.7236338257789612 4
1745625708521 0.7532871961593628 5
1745625718703 0.7463478446006775 6
1745625728528 0.7465152740478516 7
1745625738461 0.7438578009605408 8
1745625748181 0.7466800212860107 9
1745625758055 0.7426128387451172 10
1745625767971 0.7425878047943115 11
1745625778018 0.7494519948959351 12
1745625787896 0.7455289959907532 13
1745625798190 0.746123194694519 14
1745625807932 0.7365356087684631 15
1745625818008 0.7450988292694092 16
1745625827937 0.7501820921897888 17
1745625837885 0.7546752691268921 18
1745625848203 0.7364750504493713 19
1745625858201 0.7389162182807922 20
1745625868121 0.7657995223999023 21
1745625878149 0.7302623391151428 22
1745625888041 0.7487765550613403 23
1745625898116 0.7551097273826599 24
