1745625658379 7.549916744232178 0
1745625669138 7.519680500030518 1
1745625678684 7.414064407348633 2
1745625688655 7.202834129333496 3
1745625698845 6.748348236083984 4
1745625708521 6.656135082244873 5
1745625718703 6.4924163818359375 6
1745625728528 6.148251056671143 7
1745625738461 6.17990255355835 8
1745625748181 5.905275821685791 9
1745625758055 5.794617652893066 10
1745625767971 6.093768119812012 11
1745625778018 6.3940019607543945 12
1745625787896 5.567991256713867 13
1745625798190 6.018775463104248 14
1745625807932 5.855885982513428 15
1745625818008 6.097474575042725 16
1745625827937 5.566222667694092 17
1745625837885 5.857715606689453 18
1745625848203 5.667243957519531 19
1745625858201 5.635847091674805 20
1745625868121 5.6886701583862305 21
1745625878149 5.847736358642578 22
1745625888041 5.391371726989746 23
1745625898116 5.829169750213623 24
