1745625658379 0.05388586223125458 0
1745625669138 0.10048749297857285 1
1745625678684 0.27065083384513855 2
1745625688655 0.34715357422828674 3
1745625698845 0.48792850971221924 4
1745625708521 0.5033726096153259 5
1745625718703 0.5210104584693909 6
1745625728528 0.5606875419616699 7
1745625738461 0.5655645132064819 8
1745625748181 0.5736632347106934 9
1745625758055 0.5853919386863708 10
1745625767971 0.5766207575798035 11
1745625778018 0.5594483017921448 12
1745625787896 0.5854315757751465 13
1745625798190 0.5923900604248047 14
1745625807932 0.5956529974937439 15
1745625818008 0.5945631265640259 16
1745625827937 0.5983936786651611 17
1745625837885 0.6063857078552246 18
1745625848203 0.6250454783439636 19
1745625858201 0.606611967086792 20
1745625868121 0.6051751971244812 21
1745625878149 0.596856415271759 22
1745625888041 0.6211651563644409 23
1745625898116 0.6283075213432312 24
