1745625658379 0.7461302876472473 0
1745625669138 0.745945930480957 1
1745625678684 0.7459368705749512 2
1745625688655 0.7465231418609619 3
1745625698845 0.746427595615387 4
1745625708521 0.7468817234039307 5
1745625718703 0.7449951171875 6
1745625728528 0.7448591589927673 7
1745625738461 0.7470565438270569 8
1745625748181 0.7443037629127502 9
1745625758055 0.7435756325721741 10
1745625767971 0.7450673580169678 11
1745625778018 0.7450059652328491 12
1745625787896 0.7443250417709351 13
1745625798190 0.7450088858604431 14
1745625807932 0.7462514042854309 15
1745625818008 0.7465696334838867 16
1745625827937 0.7457020282745361 17
1745625837885 0.7449171543121338 18
1745625848203 0.7466926574707031 19
1745625858201 0.7440510988235474 20
1745625868121 0.7447959780693054 21
1745625878149 0.7446581721305847 22
1745625888041 0.7462990283966064 23
1745625898116 0.7452921867370605 24
