9.5316e-01
7.5341e-01
9.2035e-01
8.3134e-01
9.9572e-01
5.5997e-01
9.4938e-01
9.6359e-01
7.1264e-01
9.5265e-01
1.0136e+00
6.4407e-01
6.0209e-01
6.5119e-01
6.1797e-01
6.9213e-01
8.2196e-01
6.6178e-01
6.2941e-01
8.0726e-01
7.0307e-01
9.1994e-01
5.7958e-01
9.6932e-01
7.7017e-01
8.6534e-01
8.4168e-01
9.6359e-01
8.7758e-01
4.3778e-01
6.5359e-01
6.5766e-01
9.0247e-01
7.3126e-01
6.0664e-01
5.5853e-01
8.2692e-01
6.4847e-01
7.9255e-01
7.2104e-01
9.3645e-01
8.0971e-01
9.5994e-01
6.7605e-01
7.6215e-01
9.5232e-01
9.9851e-01
7.0700e-01
9.2423e-01
7.2235e-01
9.3805e-01
7.0214e-01
9.4879e-01
9.1012e-01
8.2692e-01
8.7758e-01
6.8084e-01
9.0247e-01
8.2060e-01
9.5265e-01
8.7292e-01
7.9234e-01
7.3357e-01
7.3357e-01
8.3024e-01
6.2034e-01
7.4493e-01
6.4024e-01
6.9449e-01
7.0700e-01
7.9234e-01
8.5602e-01
9.7702e-01
5.0487e-01
9.1436e-01
8.1258e-01
9.8219e-01
7.1264e-01
5.0487e-01
9.8045e-01
7.0584e-01
6.7683e-01
7.8704e-01
5.7958e-01
9.2474e-01
7.2860e-01
6.7683e-01
9.1117e-01
8.2996e-01
9.2035e-01
9.1117e-01
8.3969e-01
9.1925e-01
8.6271e-01
8.7144e-01
7.6310e-01
4.7997e-01
9.8754e-01
7.9861e-01
7.2673e-01
6.4437e-01
7.2359e-01
8.8686e-01
9.1832e-01
7.5512e-01
9.3805e-01
8.5391e-01
7.1803e-01
7.9861e-01
6.9449e-01
7.0875e-01
7.0637e-01
6.1837e-01
9.8151e-01
7.2769e-01
7.7479e-01
8.5469e-01
9.4302e-01
6.4375e-01
9.3876e-01
7.6209e-01
6.6178e-01
8.5135e-01
1.0196e+00
7.2104e-01
1.0018e+00
7.2673e-01
7.8204e-01
9.6201e-01
6.5766e-01
8.2196e-01
6.7653e-01
8.8936e-01
4.4115e-01
1.0096e+00
1.0036e+00
9.2474e-01
6.9213e-01
9.3445e-01
9.1175e-01
8.8093e-01
7.9203e-01
6.8659e-01
6.7127e-01
8.5751e-01
8.5391e-01
6.1837e-01
7.1883e-01
8.8020e-01
9.4302e-01
6.4437e-01
6.4375e-01
6.7653e-01
8.4914e-01
6.0664e-01
9.9152e-01
7.0856e-01
7.5514e-01
3.5638e-01
6.8663e-01
9.9289e-01
1.0154e+00
1.0096e+00
6.2482e-01
5.4458e-01
5.8816e-01
6.1533e-01
6.2940e-01
4.3778e-01
6.6700e-01
7.0641e-01
6.7609e-01
4.1647e-01
7.1883e-01
8.6830e-01
8.7095e-01
7.0875e-01
9.2636e-01
8.5559e-01
9.1832e-01
6.5359e-01
8.5469e-01
9.8295e-01
8.0726e-01
9.0309e-01
7.8204e-01
7.4493e-01
5.4458e-01
6.7605e-01
6.3485e-01
6.3029e-01
9.3445e-01
9.8003e-01
6.4407e-01
6.8731e-01
8.8936e-01
7.1803e-01
8.6271e-01
1.0036e+00
6.0909e-01
7.5512e-01
4.6880e-01
5.9181e-01
7.6209e-01
9.6002e-01
9.9572e-01
6.8084e-01
7.6310e-01
8.2167e-01
6.2598e-01
7.8506e-01
6.7609e-01
8.1904e-01
6.3485e-01
1.0021e+00
8.7095e-01
9.4938e-01
6.8659e-01
8.5135e-01
7.7709e-01
9.6524e-01
4.4115e-01
9.4879e-01
9.0937e-01
6.0209e-01
7.8506e-01
8.7144e-01
8.1452e-01
9.9851e-01
9.1112e-01
9.0058e-01
8.9938e-01
9.0058e-01
7.0500e-01
9.1994e-01
6.4847e-01
1.0196e+00
7.2337e-01
5.5997e-01
8.7292e-01
9.5413e-01
6.8577e-01
7.3126e-01
7.8471e-01
1.0080e+00
1.0136e+00
3.5638e-01
8.5602e-01
6.4024e-01
8.2060e-01
7.2337e-01
9.8398e-01
8.9611e-01
8.8686e-01
7.8987e-01
8.7420e-01
7.7017e-01
8.9506e-01
5.7116e-01
7.8704e-01
7.7709e-01
7.0214e-01
7.9203e-01
8.7249e-01
7.6215e-01
8.4914e-01
6.1797e-01
6.6768e-01
9.8709e-01
9.9840e-01
6.2915e-01
9.1112e-01
8.5751e-01
6.2915e-01
5.9181e-01
6.5119e-01
9.1012e-01
6.3915e-01
9.6002e-01
9.1747e-01
7.0584e-01
8.2167e-01
7.0641e-01
6.6768e-01
4.7997e-01
6.7127e-01
9.1175e-01
9.1436e-01
8.3134e-01
6.3029e-01
7.0637e-01
1.0084e+00
6.2598e-01
8.9506e-01
9.0937e-01
9.1747e-01
8.7249e-01
9.9840e-01
8.2121e-01
6.3915e-01
7.0307e-01
6.8731e-01
9.5230e-01
1.0021e+00
7.7479e-01
8.8020e-01
5.8816e-01
7.2359e-01
7.0856e-01
9.9152e-01
9.9289e-01
9.5316e-01
9.6524e-01
8.0029e-01
8.6534e-01
8.3969e-01
8.3024e-01
8.8093e-01
9.6201e-01
8.0971e-01
6.2940e-01
9.2423e-01
9.8754e-01
5.7116e-01
9.8017e-01
8.9611e-01
7.9255e-01
8.4264e-01
7.8471e-01
8.4816e-01
8.4816e-01
9.2636e-01
9.8709e-01
