1745694769941 7.295283794403076 0
1745694777492 7.169840335845947 1
1745694784830 7.307461261749268 2
1745694792124 7.260145902633667 3
1745694799621 7.457971096038818 4
1745694807184 7.526027679443359 5
1745694814633 7.412707805633545 6
1745694822498 7.431886911392212 7
1745694830281 7.489559173583984 8
1745694838080 7.379361391067505 9
1745694846027 7.510322093963623 10
1745694853730 7.4167869091033936 11
1745694861585 7.444905996322632 12
1745694869474 7.601440668106079 13
1745694876810 7.300423622131348 14
1745694884260 7.414515495300293 15
1745694891970 7.4153594970703125 16
1745694899483 7.476715564727783 17
1745694907017 7.496614456176758 18
1745694914536 7.478316307067871 19
1745694922054 7.4782984256744385 20
1745694929833 7.484556198120117 21
1745694937676 7.429242372512817 22
1745694945157 7.4443519115448 23
1745694952601 7.4063191413879395 24
