1745694769941 0.0 0
1745694777492 1.0 1
1745694784830 2.0 2
1745694792124 3.0 3
1745694799621 4.0 4
1745694807184 5.0 5
1745694814633 6.0 6
1745694822498 7.0 7
1745694830281 8.0 8
1745694838080 9.0 9
1745694846027 10.0 10
1745694853730 11.0 11
1745694861585 12.0 12
1745694869474 13.0 13
1745694876810 14.0 14
1745694884260 15.0 15
1745694891970 16.0 16
1745694899483 17.0 17
1745694907017 18.0 18
1745694914536 19.0 19
1745694922054 20.0 20
1745694929833 21.0 21
1745694937676 22.0 22
1745694945157 23.0 23
1745694952601 24.0 24
