1745694769941 0.0014552853535860777 0
1745694777492 0.002145579783245921 1
1745694784830 0.009817065671086311 2
1745694792124 0.057667046785354614 3
1745694799621 0.1582344025373459 4
1745694807184 0.32558897137641907 5
1745694814633 0.6744887828826904 6
1745694822498 1.323714256286621 7
1745694830281 2.5200605392456055 8
1745694838080 4.47725772857666 9
1745694846027 6.128382205963135 10
1745694853730 10.589977264404297 11
1745694861585 17.1592960357666 12
1745694869474 23.689556121826172 13
1745694876810 32.4859619140625 14
1745694884260 45.998409271240234 15
1745694891970 58.89837646484375 16
1745694899483 76.5310287475586 17
1745694907017 91.14044952392578 18
1745694914536 103.56262969970703 19
1745694922054 122.67267608642578 20
1745694929833 125.24800872802734 21
1745694937676 130.58267211914062 22
1745694945157 158.4667510986328 23
1745694952601 181.49972534179688 24
