1745694769941 -0.06902311742305756 0
1745694777492 -0.06971408426761627 1
1745694784830 -0.06953487545251846 2
1745694792124 -0.06914300471544266 3
1745694799621 -0.06962037086486816 4
1745694807184 -0.06202257424592972 5
1745694814633 -0.03808311000466347 6
1745694822498 -0.007273200899362564 7
1745694830281 0.027697386220097542 8
1745694838080 0.06639216840267181 9
1745694846027 0.10934025794267654 10
1745694853730 0.15683422982692719 11
1745694861585 0.20723259449005127 12
1745694869474 0.2607058584690094 13
1745694876810 0.3176836371421814 14
1745694884260 0.3774994909763336 15
1745694891970 0.4381359815597534 16
1745694899483 0.49952539801597595 17
1745694907017 0.5608274340629578 18
1745694914536 0.6180474758148193 19
1745694922054 0.6661084294319153 20
1745694929833 0.7018093466758728 21
1745694937676 0.7238321304321289 22
1745694945157 0.7299230694770813 23
1745694952601 0.7369409799575806 24
