1745694769941 40.299949645996094 0
1745694777492 40.299949645996094 1
1745694784830 40.2999153137207 2
1745694792124 40.299652099609375 3
1745694799621 40.298221588134766 4
1745694807184 40.29718780517578 5
1745694814633 40.28596115112305 6
1745694822498 40.273380279541016 7
1745694830281 40.266143798828125 8
1745694838080 40.24753189086914 9
1745694846027 40.17377471923828 10
1745694853730 40.10654067993164 11
1745694861585 40.11142349243164 12
1745694869474 39.78973388671875 13
1745694876810 39.4453125 14
1745694884260 39.434471130371094 15
1745694891970 38.976966857910156 16
1745694899483 39.02900314331055 17
1745694907017 38.596527099609375 18
1745694914536 37.9473762512207 19
1745694922054 37.460636138916016 20
1745694929833 37.37324905395508 21
1745694937676 37.82525634765625 22
1745694945157 37.452232360839844 23
1745694952601 36.737754821777344 24
