1745694769941 -0.041961103677749634 0
1745694777492 0.01778137870132923 1
1745694784830 -0.04032107815146446 2
1745694792124 0.04976015165448189 3
1745694799621 0.060111794620752335 4
1745694807184 0.04394465312361717 5
1745694814633 0.06226709112524986 6
1745694822498 0.20921431481838226 7
1745694830281 0.2767013609409332 8
1745694838080 0.39833980798721313 9
1745694846027 0.47288188338279724 10
1745694853730 0.528347373008728 11
1745694861585 0.5287670493125916 12
1745694869474 0.5517946481704712 13
1745694876810 0.5760776400566101 14
1745694884260 0.5709043145179749 15
1745694891970 0.5958794951438904 16
1745694899483 0.6034371852874756 17
1745694907017 0.5832391977310181 18
1745694914536 0.5889062285423279 19
1745694922054 0.6168530583381653 20
1745694929833 0.6350319981575012 21
1745694937676 0.6410858035087585 22
1745694945157 0.6130398511886597 23
1745694952601 0.6442133784294128 24
