1745694769941 0.7450300455093384 0
1745694777492 0.7444503307342529 1
1745694784830 0.7443056702613831 2
1745694792124 0.7442520260810852 3
1745694799621 0.7467186450958252 4
1745694807184 0.7435904741287231 5
1745694814633 0.7448908090591431 6
1745694822498 0.7436338067054749 7
1745694830281 0.7433464527130127 8
1745694838080 0.7423760890960693 9
1745694846027 0.7440980672836304 10
1745694853730 0.7425976395606995 11
1745694861585 0.7423427700996399 12
1745694869474 0.741264283657074 13
1745694876810 0.7436128854751587 14
1745694884260 0.7420913577079773 15
1745694891970 0.7450249791145325 16
1745694899483 0.7445871829986572 17
1745694907017 0.7437422871589661 18
1745694914536 0.7432166934013367 19
1745694922054 0.7426236867904663 20
1745694929833 0.7444531917572021 21
1745694937676 0.7434056997299194 22
1745694945157 0.7453463077545166 23
1745694952601 0.7435016632080078 24
