7.6573e-01
5.6923e-01
9.1508e-01
6.5332e-01
8.4617e-01
5.6585e-01
6.7113e-01
7.2751e-01
5.9685e-01
7.6522e-01
8.9658e-01
6.6677e-01
5.2148e-01
5.9440e-01
5.4477e-01
6.2790e-01
6.6930e-01
5.8372e-01
5.8066e-01
6.1393e-01
5.0343e-01
9.9373e-01
5.5981e-01
9.9502e-01
5.7099e-01
6.9422e-01
8.1965e-01
7.2751e-01
9.4222e-01
4.6645e-01
5.6954e-01
6.2243e-01
7.1254e-01
5.7950e-01
4.6985e-01
5.5874e-01
7.2323e-01
5.6561e-01
8.9168e-01
5.8752e-01
9.7420e-01
6.7790e-01
9.7890e-01
7.5073e-01
6.4363e-01
8.0561e-01
9.1590e-01
6.2277e-01
6.5158e-01
5.5467e-01
7.2574e-01
5.5418e-01
9.8537e-01
5.9578e-01
7.2323e-01
9.4222e-01
5.9811e-01
7.1254e-01
6.4140e-01
7.6522e-01
8.0090e-01
6.1195e-01
7.9821e-01
7.9821e-01
7.9751e-01
7.6501e-01
6.0252e-01
5.5168e-01
6.4914e-01
6.2277e-01
6.1195e-01
8.4845e-01
9.7860e-01
5.8335e-01
9.4838e-01
5.5517e-01
9.8450e-01
5.9685e-01
5.8335e-01
9.9483e-01
6.0197e-01
6.2428e-01
5.4878e-01
5.5981e-01
8.3666e-01
8.2018e-01
6.2428e-01
7.8850e-01
7.7518e-01
9.1508e-01
7.8850e-01
8.9205e-01
7.4692e-01
5.6887e-01
6.1890e-01
6.1987e-01
4.6584e-01
9.9119e-01
7.0290e-01
6.0851e-01
5.4391e-01
6.2422e-01
8.8974e-01
6.1621e-01
6.3531e-01
7.2574e-01
6.9775e-01
5.8235e-01
7.0290e-01
6.4914e-01
5.7629e-01
6.1302e-01
5.9458e-01
9.8945e-01
6.2500e-01
5.4253e-01
7.6426e-01
9.8808e-01
6.6312e-01
9.7309e-01
6.0936e-01
5.8372e-01
8.3941e-01
9.7922e-01
5.8752e-01
6.4924e-01
6.0851e-01
5.6774e-01
6.8671e-01
6.2243e-01
6.6930e-01
6.0660e-01
9.4558e-01
4.8682e-01
9.8842e-01
9.3509e-01
8.3666e-01
6.2790e-01
9.7213e-01
5.2089e-01
4.2353e-01
7.8729e-01
6.8411e-01
6.6079e-01
6.7900e-01
6.9775e-01
5.9458e-01
6.7529e-01
6.1579e-01
9.8808e-01
5.4391e-01
6.6312e-01
6.0660e-01
5.6748e-01
4.6985e-01
7.3894e-01
5.9961e-01
6.9987e-01
3.5513e-01
5.5935e-01
8.4708e-01
9.9264e-01
9.8842e-01
5.6194e-01
5.4821e-01
5.9990e-01
5.2246e-01
5.4474e-01
4.6645e-01
5.1043e-01
5.7353e-01
5.3877e-01
4.3156e-01
6.7529e-01
6.3664e-01
6.3919e-01
5.7629e-01
9.8064e-01
7.3357e-01
6.1621e-01
5.6954e-01
7.6426e-01
9.9103e-01
6.1393e-01
8.8737e-01
5.6774e-01
6.0252e-01
5.4821e-01
7.5073e-01
5.9518e-01
5.6602e-01
9.7213e-01
9.8591e-01
6.6677e-01
5.4306e-01
9.4558e-01
5.8235e-01
5.6887e-01
9.3509e-01
6.1418e-01
6.3531e-01
9.0044e-01
5.7822e-01
6.0936e-01
9.8494e-01
8.4617e-01
5.9811e-01
6.1987e-01
9.6659e-01
5.7069e-01
6.1658e-01
5.3877e-01
7.7804e-01
5.9518e-01
9.8273e-01
6.3919e-01
6.7113e-01
6.8411e-01
8.3941e-01
6.6741e-01
9.6509e-01
4.8682e-01
9.8537e-01
7.4732e-01
5.2148e-01
6.1658e-01
6.1890e-01
6.8654e-01
9.1590e-01
5.9986e-01
6.7847e-01
7.0239e-01
6.7847e-01
6.7208e-01
9.9373e-01
5.6561e-01
9.7922e-01
6.0028e-01
5.6585e-01
8.0090e-01
7.2664e-01
5.8535e-01
5.7950e-01
5.2868e-01
9.8167e-01
8.9658e-01
3.5513e-01
8.4845e-01
5.5168e-01
6.4140e-01
6.0028e-01
9.8175e-01
8.0264e-01
8.8974e-01
6.1089e-01
7.2371e-01
5.7099e-01
6.6403e-01
5.9829e-01
5.4878e-01
6.6741e-01
5.5418e-01
7.8729e-01
8.0578e-01
6.4363e-01
5.6748e-01
5.4477e-01
5.6829e-01
7.3699e-01
9.9761e-01
5.5518e-01
5.9986e-01
6.7900e-01
5.5518e-01
5.7822e-01
5.9440e-01
5.9578e-01
5.6451e-01
9.8494e-01
7.8861e-01
6.0197e-01
9.6659e-01
5.7353e-01
5.6829e-01
4.6584e-01
6.6079e-01
5.2089e-01
9.4838e-01
6.5332e-01
5.6602e-01
6.1302e-01
9.8377e-01
5.7069e-01
6.6403e-01
7.4732e-01
7.8861e-01
8.0578e-01
9.9761e-01
6.9124e-01
5.6451e-01
5.0343e-01
5.4306e-01
7.6695e-01
9.8273e-01
5.4253e-01
6.1579e-01
5.9990e-01
6.2422e-01
5.9961e-01
7.3894e-01
8.4708e-01
7.6573e-01
9.6509e-01
6.3258e-01
6.9422e-01
8.9205e-01
7.9751e-01
4.2353e-01
6.8671e-01
6.7790e-01
5.4474e-01
6.5158e-01
9.9119e-01
5.9829e-01
6.9757e-01
8.0264e-01
8.9168e-01
8.4152e-01
5.2868e-01
6.0075e-01
6.0075e-01
9.8064e-01
7.3699e-01
