9.7572e-01
7.6573e-01
9.2830e-01
8.7928e-01
1.0012e+00
6.3324e-01
9.0593e-01
8.7444e-01
8.0332e-01
8.4139e-01
9.4275e-01
4.6462e-01
5.9064e-01
5.9343e-01
6.3347e-01
6.3434e-01
7.6583e-01
5.8850e-01
7.2907e-01
6.6626e-01
7.4928e-01
9.4123e-01
5.9451e-01
9.7921e-01
6.9580e-01
9.6668e-01
9.4878e-01
8.7444e-01
9.1673e-01
5.8546e-01
6.1347e-01
7.2983e-01
7.9986e-01
7.7246e-01
6.2638e-01
6.5016e-01
8.0906e-01
5.8124e-01
9.2542e-01
7.5779e-01
8.7047e-01
5.9821e-01
9.3549e-01
7.6295e-01
7.8492e-01
9.2989e-01
9.7809e-01
7.4434e-01
7.7196e-01
6.5643e-01
8.3858e-01
7.2324e-01
9.5454e-01
7.5190e-01
8.0906e-01
9.1673e-01
6.6601e-01
7.9986e-01
6.6915e-01
8.4139e-01
9.5623e-01
7.5879e-01
8.7171e-01
8.7171e-01
8.0316e-01
8.1549e-01
8.2182e-01
6.2771e-01
8.3163e-01
7.4434e-01
7.5879e-01
8.8232e-01
9.5242e-01
5.4968e-01
7.8760e-01
6.5106e-01
9.7564e-01
8.0332e-01
5.4968e-01
9.8345e-01
6.8530e-01
6.6875e-01
6.5441e-01
5.9451e-01
8.8799e-01
9.5730e-01
6.6875e-01
9.0296e-01
8.5456e-01
9.2830e-01
9.0296e-01
9.4745e-01
9.3373e-01
8.2500e-01
8.8240e-01
7.1360e-01
5.2261e-01
9.8108e-01
6.5098e-01
7.7741e-01
5.9152e-01
6.0933e-01
9.2712e-01
8.2702e-01
8.7973e-01
8.3858e-01
7.8218e-01
7.2680e-01
6.5098e-01
8.3163e-01
5.9516e-01
6.8338e-01
7.0395e-01
9.5894e-01
7.5877e-01
5.9665e-01
8.4615e-01
9.0586e-01
6.5249e-01
8.8014e-01
7.1178e-01
5.8850e-01
9.5051e-01
9.8434e-01
7.5779e-01
8.5170e-01
7.7741e-01
7.4979e-01
8.6161e-01
7.2983e-01
7.6583e-01
5.2647e-01
9.7485e-01
5.9516e-01
9.3358e-01
9.7212e-01
8.8799e-01
6.3434e-01
8.7932e-01
7.1227e-01
4.3972e-01
8.2489e-01
7.9313e-01
5.6372e-01
9.7134e-01
7.8218e-01
7.0395e-01
7.6657e-01
8.4948e-01
9.0586e-01
5.9152e-01
6.5249e-01
5.2647e-01
5.5933e-01
6.2638e-01
9.4344e-01
7.6388e-01
6.7745e-01
4.6627e-01
5.6418e-01
9.9093e-01
9.2880e-01
9.3358e-01
6.0112e-01
6.9022e-01
5.5982e-01
5.6084e-01
6.0289e-01
5.8546e-01
7.4442e-01
6.6841e-01
5.9727e-01
4.7509e-01
7.6657e-01
9.3590e-01
7.4235e-01
5.9516e-01
9.0258e-01
8.1824e-01
8.2702e-01
6.1347e-01
8.4615e-01
9.7826e-01
6.6626e-01
9.6851e-01
7.4979e-01
8.2182e-01
6.9022e-01
7.6295e-01
6.1309e-01
5.6663e-01
8.7932e-01
9.7513e-01
4.6462e-01
6.5212e-01
9.7485e-01
7.2680e-01
8.2500e-01
9.7212e-01
7.5710e-01
8.7973e-01
9.3765e-01
6.4673e-01
7.1178e-01
9.5153e-01
1.0012e+00
6.6601e-01
7.1360e-01
8.1341e-01
6.4632e-01
8.1303e-01
5.9727e-01
8.5743e-01
6.1309e-01
9.8573e-01
7.4235e-01
9.0593e-01
7.9313e-01
9.5051e-01
9.4917e-01
9.3302e-01
5.9516e-01
9.5454e-01
8.8332e-01
5.9064e-01
8.1303e-01
8.8240e-01
8.8997e-01
9.7809e-01
7.5628e-01
8.2612e-01
8.5192e-01
8.2612e-01
8.7333e-01
9.4123e-01
5.8124e-01
9.8434e-01
6.4757e-01
6.3324e-01
9.5623e-01
8.7240e-01
5.6755e-01
7.7246e-01
7.3975e-01
9.8487e-01
9.4275e-01
4.6627e-01
8.8232e-01
6.2771e-01
6.6915e-01
6.4757e-01
9.2489e-01
6.3577e-01
9.2712e-01
6.6468e-01
9.2469e-01
6.9580e-01
9.1448e-01
8.5031e-01
6.5441e-01
9.4917e-01
7.2324e-01
8.2489e-01
7.4370e-01
7.8492e-01
5.5933e-01
6.3347e-01
4.9742e-01
9.1490e-01
9.8837e-01
7.7335e-01
7.5628e-01
9.7134e-01
7.7335e-01
6.4673e-01
5.9343e-01
7.5190e-01
6.1848e-01
9.5153e-01
6.5150e-01
6.8530e-01
8.1341e-01
6.6841e-01
4.9742e-01
5.2261e-01
5.6372e-01
7.1227e-01
7.8760e-01
8.7928e-01
5.6663e-01
6.8338e-01
9.5387e-01
6.4632e-01
9.1448e-01
8.8332e-01
6.5150e-01
7.4370e-01
9.8837e-01
8.2679e-01
6.1848e-01
7.4928e-01
6.5212e-01
8.9499e-01
9.8573e-01
5.9665e-01
8.4948e-01
5.5982e-01
6.0933e-01
7.6388e-01
9.4344e-01
9.9093e-01
9.7572e-01
9.3302e-01
5.6934e-01
9.6668e-01
9.4745e-01
8.0316e-01
4.3972e-01
8.6161e-01
5.9821e-01
6.0289e-01
7.7196e-01
9.8108e-01
8.5031e-01
9.0833e-01
6.3577e-01
9.2542e-01
6.8436e-01
7.3975e-01
7.7806e-01
7.7806e-01
9.0258e-01
9.1490e-01
