2.0335e-01
1.2705e-01
1.7863e-01
1.1439e-01
2.2044e-01
1.2672e-01
2.0206e-01
1.9990e-01
1.6836e-01
1.6515e-01
2.3451e-01
1.3686e-01
1.0962e-01
1.5988e-01
1.3536e-01
1.8504e-01
1.4481e-01
1.3707e-01
1.2746e-01
1.5311e-01
1.3792e-01
1.9154e-01
1.1554e-01
1.9825e-01
1.3607e-01
1.8096e-01
1.3894e-01
1.9990e-01
1.9430e-01
1.0370e-01
1.0458e-01
1.3241e-01
1.3921e-01
1.7263e-01
1.2375e-01
1.3087e-01
1.4311e-01
1.1757e-01
2.0151e-01
1.4308e-01
2.1615e-01
1.6743e-01
1.9741e-01
1.7530e-01
1.2577e-01
1.8558e-01
1.8747e-01
1.5637e-01
1.5729e-01
1.3624e-01
1.5458e-01
1.0741e-01
2.4257e-01
1.0427e-01
1.4311e-01
1.9430e-01
1.3851e-01
1.3921e-01
1.3777e-01
1.6515e-01
1.4046e-01
1.4387e-01
1.8140e-01
1.8140e-01
1.4885e-01
1.5091e-01
1.0483e-01
1.1496e-01
2.1985e-01
1.5637e-01
1.4387e-01
1.6880e-01
2.0206e-01
1.2124e-01
1.7130e-01
1.1894e-01
2.2510e-01
1.6836e-01
1.2124e-01
2.2368e-01
1.5386e-01
1.4453e-01
1.5357e-01
1.1554e-01
2.0770e-01
1.6612e-01
1.4453e-01
1.4351e-01
2.0586e-01
1.7863e-01
1.4351e-01
1.9453e-01
1.5377e-01
1.8343e-01
1.7643e-01
1.4580e-01
1.0112e-01
2.5252e-01
1.6656e-01
1.2396e-01
1.4138e-01
1.4339e-01
1.6377e-01
1.3815e-01
1.5058e-01
1.5458e-01
1.6106e-01
1.3111e-01
1.6656e-01
2.1985e-01
1.0919e-01
1.3316e-01
1.3117e-01
2.2095e-01
1.3700e-01
8.6116e-02
1.7991e-01
2.1475e-01
1.3855e-01
1.9113e-01
1.4782e-01
1.3707e-01
1.8553e-01
2.4937e-01
1.4308e-01
2.0204e-01
1.2396e-01
1.2649e-01
1.6103e-01
1.3241e-01
1.4481e-01
1.3385e-01
1.3781e-01
1.2640e-01
1.9993e-01
2.5744e-01
2.0770e-01
1.8504e-01
1.8326e-01
1.1331e-01
1.4076e-01
2.0619e-01
1.4582e-01
1.4076e-01
1.1964e-01
1.6106e-01
1.3117e-01
1.1681e-01
1.6004e-01
2.1475e-01
1.4138e-01
1.3855e-01
1.3385e-01
1.1889e-01
1.2375e-01
1.9976e-01
1.7487e-01
1.4889e-01
1.2102e-01
1.2353e-01
2.0375e-01
2.5050e-01
1.9993e-01
1.4360e-01
1.3861e-01
1.1038e-01
1.0964e-01
1.0574e-01
1.0370e-01
1.3489e-01
1.2806e-01
9.3625e-02
9.1537e-02
1.1681e-01
1.7118e-01
1.2988e-01
1.0919e-01
1.9495e-01
1.7307e-01
1.3815e-01
1.0458e-01
1.7991e-01
1.8699e-01
1.5311e-01
1.9557e-01
1.2649e-01
1.0483e-01
1.3861e-01
1.7530e-01
1.1133e-01
1.1953e-01
1.8326e-01
2.3181e-01
1.3686e-01
1.6714e-01
1.3781e-01
1.3111e-01
1.8343e-01
2.5744e-01
1.3174e-01
1.5058e-01
1.6373e-01
8.7043e-02
1.4782e-01
2.0786e-01
2.2044e-01
1.3851e-01
1.4580e-01
1.6109e-01
1.2993e-01
1.4715e-01
9.3625e-02
1.4336e-01
1.1133e-01
2.5350e-01
1.2988e-01
2.0206e-01
1.4582e-01
1.8553e-01
2.6554e-01
1.8057e-01
1.2640e-01
2.4257e-01
1.5309e-01
1.0962e-01
1.4715e-01
1.7643e-01
1.6252e-01
1.8747e-01
1.3198e-01
1.7918e-01
1.7276e-01
1.7918e-01
1.6845e-01
1.9154e-01
1.1757e-01
2.4937e-01
1.1133e-01
1.2672e-01
1.4046e-01
1.7469e-01
1.4255e-01
1.7263e-01
1.1485e-01
2.5860e-01
2.3451e-01
1.2102e-01
1.6880e-01
1.1496e-01
1.3777e-01
1.1133e-01
2.0450e-01
1.9234e-01
1.6377e-01
1.5495e-01
1.5823e-01
1.3607e-01
1.6121e-01
1.4681e-01
1.5357e-01
2.6554e-01
1.0741e-01
2.0619e-01
1.6526e-01
1.2577e-01
1.1889e-01
1.3536e-01
1.4481e-01
1.8721e-01
2.4717e-01
1.4857e-01
1.3198e-01
1.1964e-01
1.4857e-01
8.7043e-02
1.5988e-01
1.0427e-01
1.3078e-01
2.0786e-01
1.2140e-01
1.5386e-01
1.6109e-01
1.2806e-01
1.4481e-01
1.0112e-01
1.4076e-01
1.1331e-01
1.7130e-01
1.1439e-01
1.1953e-01
1.3316e-01
2.2443e-01
1.2993e-01
1.6121e-01
1.5309e-01
1.2140e-01
1.6526e-01
2.4717e-01
1.1701e-01
1.3078e-01
1.3792e-01
1.6714e-01
2.0087e-01
2.5350e-01
8.6116e-02
1.6004e-01
1.1038e-01
1.4339e-01
1.7487e-01
1.9976e-01
2.0375e-01
2.0335e-01
1.8057e-01
1.5146e-01
1.8096e-01
1.9453e-01
1.4885e-01
1.4076e-01
1.6103e-01
1.6743e-01
1.0574e-01
1.5729e-01
2.5252e-01
1.4681e-01
2.1657e-01
1.9234e-01
2.0151e-01
1.8001e-01
1.1485e-01
1.5119e-01
1.5119e-01
1.9495e-01
1.8721e-01
