9.7144e-01
6.6933e-01
9.4775e-01
6.5177e-01
8.9585e-01
5.7462e-01
9.8009e-01
8.5959e-01
6.3330e-01
6.5297e-01
8.7722e-01
8.3353e-01
5.7847e-01
5.8346e-01
5.6845e-01
6.5163e-01
6.6512e-01
5.5494e-01
5.3796e-01
7.5753e-01
6.0462e-01
9.0549e-01
5.8345e-01
9.5602e-01
7.2162e-01
5.3789e-01
8.3944e-01
8.5959e-01
8.9225e-01
4.4499e-01
7.0434e-01
6.0030e-01
7.2474e-01
7.2664e-01
5.5874e-01
5.8393e-01
7.0873e-01
5.4567e-01
6.2941e-01
6.1616e-01
9.0959e-01
7.1732e-01
9.4980e-01
6.5954e-01
6.3714e-01
8.2147e-01
8.5388e-01
5.7478e-01
6.1559e-01
5.9991e-01
6.9708e-01
7.5461e-01
1.0131e+00
5.8607e-01
7.0873e-01
8.9225e-01
6.2360e-01
7.2474e-01
6.2255e-01
6.5297e-01
8.5296e-01
6.5447e-01
6.4193e-01
6.4193e-01
8.2756e-01
7.4832e-01
4.1830e-01
5.4438e-01
7.8685e-01
5.7478e-01
6.5447e-01
8.2515e-01
9.8350e-01
4.7823e-01
9.3746e-01
6.7398e-01
9.8108e-01
6.3330e-01
4.7823e-01
8.7755e-01
6.8075e-01
5.9193e-01
6.5864e-01
5.8345e-01
8.2386e-01
7.9818e-01
5.9193e-01
8.0699e-01
8.5230e-01
9.4775e-01
8.0699e-01
9.0247e-01
7.4088e-01
8.1053e-01
8.7851e-01
6.2872e-01
4.5006e-01
1.0223e+00
6.6321e-01
6.8478e-01
5.2981e-01
7.9945e-01
9.0557e-01
8.3700e-01
7.5900e-01
6.9708e-01
8.1545e-01
5.2842e-01
6.6321e-01
7.8685e-01
5.2658e-01
6.6158e-01
6.2609e-01
9.7462e-01
6.8182e-01
5.9976e-01
8.3722e-01
9.0424e-01
5.4543e-01
9.0803e-01
6.6338e-01
5.5494e-01
8.9192e-01
1.0067e+00
6.1616e-01
9.3532e-01
6.8478e-01
6.7598e-01
8.2692e-01
6.0030e-01
6.6512e-01
6.0550e-01
9.0613e-01
4.6728e-01
1.0294e+00
1.0076e+00
8.2386e-01
6.5163e-01
8.9549e-01
8.5654e-01
5.4651e-01
8.6681e-01
6.9217e-01
7.0356e-01
8.7124e-01
8.1545e-01
6.2609e-01
5.8069e-01
8.7305e-01
9.0424e-01
5.2981e-01
5.4543e-01
6.0550e-01
6.1501e-01
5.5874e-01
9.3149e-01
7.4542e-01
6.4259e-01
4.3188e-01
4.9652e-01
9.7292e-01
7.2544e-01
1.0294e+00
5.2493e-01
5.2989e-01
4.7162e-01
5.1728e-01
5.1606e-01
4.4499e-01
5.4195e-01
5.4989e-01
5.4914e-01
3.8994e-01
5.8069e-01
9.1060e-01
7.6894e-01
5.2658e-01
7.1566e-01
8.7634e-01
8.3700e-01
7.0434e-01
8.3722e-01
1.0077e+00
7.5753e-01
9.4144e-01
6.7598e-01
4.1830e-01
5.2989e-01
6.5954e-01
6.3905e-01
4.9496e-01
8.9549e-01
9.7964e-01
8.3353e-01
5.9669e-01
9.0613e-01
5.2842e-01
8.1053e-01
1.0076e+00
6.8796e-01
7.5900e-01
9.3790e-01
4.1327e-01
6.6338e-01
9.8517e-01
8.9585e-01
6.2360e-01
6.2872e-01
7.5640e-01
5.5328e-01
6.9042e-01
5.4914e-01
7.7277e-01
6.3905e-01
7.4085e-01
7.6894e-01
9.8009e-01
6.9217e-01
8.9192e-01
9.9090e-01
9.4470e-01
4.6728e-01
1.0131e+00
7.6730e-01
5.7847e-01
6.9042e-01
8.7851e-01
7.8696e-01
8.5388e-01
7.7826e-01
6.6750e-01
7.0868e-01
6.6750e-01
6.6904e-01
9.0549e-01
5.4567e-01
1.0067e+00
5.7379e-01
5.7462e-01
8.5296e-01
7.8350e-01
6.1388e-01
7.2664e-01
5.1123e-01
1.0233e+00
8.7722e-01
4.3188e-01
8.2515e-01
5.4438e-01
6.2255e-01
5.7379e-01
9.5360e-01
7.7960e-01
9.0557e-01
6.2097e-01
7.9792e-01
7.2162e-01
6.9878e-01
7.4463e-01
6.5864e-01
9.9090e-01
7.5461e-01
8.6681e-01
8.4649e-01
6.3714e-01
6.1501e-01
5.6845e-01
6.4288e-01
9.5189e-01
1.0187e+00
5.8710e-01
7.7826e-01
8.7124e-01
5.8710e-01
4.1327e-01
5.8346e-01
5.8607e-01
5.6780e-01
9.8517e-01
5.0900e-01
6.8075e-01
7.5640e-01
5.4989e-01
6.4288e-01
4.5006e-01
7.0356e-01
8.5654e-01
9.3746e-01
6.5177e-01
4.9496e-01
6.6158e-01
9.8531e-01
5.5328e-01
6.9878e-01
7.6730e-01
5.0900e-01
8.4649e-01
1.0187e+00
5.5050e-01
5.6780e-01
6.0462e-01
5.9669e-01
8.9642e-01
7.4085e-01
5.9976e-01
8.7305e-01
4.7162e-01
7.9945e-01
7.4542e-01
9.3149e-01
9.7292e-01
9.7144e-01
9.4470e-01
7.7321e-01
5.3789e-01
9.0247e-01
8.2756e-01
5.4651e-01
8.2692e-01
7.1732e-01
5.1606e-01
6.1559e-01
1.0223e+00
7.4463e-01
8.2596e-01
7.7960e-01
6.2941e-01
8.3534e-01
5.1123e-01
8.1706e-01
8.1706e-01
7.1566e-01
9.5189e-01
