1745620972886 9.363177299499512 0
1745620982586 9.361960887908936 1
1745620992129 9.50285816192627 2
1745621001751 9.581748247146606 3
1745621011372 9.57794976234436 4
1745621020784 9.36911678314209 5
1745621030191 9.35969066619873 6
1745621039817 9.57960844039917 7
1745621049716 9.500246524810791 8
1745621062699 12.468902587890625 9
1745621073112 9.902230262756348 10
1745621082918 9.438557624816895 11
1745621092822 9.38518476486206 12
1745621102208 9.34266185760498 13
1745621112225 9.466148614883423 14
1745621122245 9.659087896347046 15
1745621131639 9.350752115249634 16
1745621141169 9.488018035888672 17
1745621150666 9.452335596084595 18
1745621160279 9.567354679107666 19
1745621170239 9.58514666557312 20
1745621180234 9.448513984680176 21
1745621189691 9.411533117294312 22
1745621198966 9.230660438537598 23
1745621208834 9.35201907157898 24
1745621218586 9.382305145263672 25
1745621228432 9.335413217544556 26
1745621238220 9.425798892974854 27
1745621248013 9.279443740844727 28
1745621258319 9.793716669082642 29
1745621268073 9.389925956726074 30
1745621277384 9.265427350997925 31
1745621286929 9.501566648483276 32
1745621296565 9.59070897102356 33
1745621306049 9.436202764511108 34
1745621315618 9.51858377456665 35
1745621325243 9.57795262336731 36
1745621335136 9.512491226196289 37
1745621344594 9.410632848739624 38
1745621354138 9.499491930007935 39
1745621363582 9.393711805343628 40
1745621373212 9.581905603408813 41
1745621382863 9.598014831542969 42
1745621392414 9.500792741775513 43
1745621402352 9.557718276977539 44
1745621412204 9.803713321685791 45
1745621421872 9.61885380744934 46
1745621431371 9.446571588516235 47
1745621441585 10.163350343704224 48
1745621451085 9.447758197784424 49
1745621460815 9.680104732513428 50
1745621470354 9.48661184310913 51
1745621479953 9.546002626419067 52
1745621489374 9.368284225463867 53
1745621499064 9.637425661087036 54
1745621508681 9.563528776168823 55
1745621518416 9.680868148803711 56
1745621528085 9.614578247070312 57
1745621537745 9.60455846786499 58
1745621547276 9.478037118911743 59
1745621556940 9.608563423156738 60
1745621566596 9.599435567855835 61
1745621576885 9.891153335571289 62
