1745620972886 0.0 0
1745620982586 1.0 1
1745620992129 2.0 2
1745621001751 3.0 3
1745621011372 4.0 4
1745621020784 5.0 5
1745621030191 6.0 6
1745621039817 7.0 7
1745621049716 8.0 8
1745621062699 9.0 9
1745621073112 10.0 10
1745621082918 11.0 11
1745621092822 12.0 12
1745621102208 13.0 13
1745621112225 14.0 14
1745621122245 15.0 15
1745621131639 16.0 16
1745621141169 17.0 17
1745621150666 18.0 18
1745621160279 19.0 19
1745621170239 20.0 20
1745621180234 21.0 21
1745621189691 22.0 22
1745621198966 23.0 23
1745621208834 24.0 24
1745621218586 25.0 25
1745621228432 26.0 26
1745621238220 27.0 27
1745621248013 28.0 28
1745621258319 29.0 29
1745621268073 30.0 30
1745621277384 31.0 31
1745621286929 32.0 32
1745621296565 33.0 33
1745621306049 34.0 34
1745621315618 35.0 35
1745621325243 36.0 36
1745621335136 37.0 37
1745621344594 38.0 38
1745621354138 39.0 39
1745621363582 40.0 40
1745621373212 41.0 41
1745621382863 42.0 42
1745621392414 43.0 43
1745621402352 44.0 44
1745621412204 45.0 45
1745621421872 46.0 46
1745621431371 47.0 47
1745621441585 48.0 48
1745621451085 49.0 49
1745621460815 50.0 50
1745621470354 51.0 51
1745621479953 52.0 52
1745621489374 53.0 53
1745621499064 54.0 54
1745621508681 55.0 55
1745621518416 56.0 56
1745621528085 57.0 57
1745621537745 58.0 58
1745621547276 59.0 59
1745621556940 60.0 60
1745621566596 61.0 61
1745621576885 62.0 62
