1745620972886 0.0019167878199368715 0
1745620982586 0.002381686819717288 1
1745620992129 0.004678951110690832 2
1745621001751 0.007171418983489275 3
1745621011372 0.022652046754956245 4
1745621020784 0.06454770267009735 5
1745621030191 0.16291239857673645 6
1745621039817 0.33855506777763367 7
1745621049716 0.5794908404350281 8
1745621062699 0.9530737400054932 9
1745621073112 1.4680019617080688 10
1745621082918 2.1120378971099854 11
1745621092822 3.071945905685425 12
1745621102208 4.327872276306152 13
1745621112225 6.141385555267334 14
1745621122245 7.947528839111328 15
1745621131639 10.761985778808594 16
1745621141169 14.145230293273926 17
1745621150666 18.453895568847656 18
1745621160279 23.377473831176758 19
1745621170239 30.220834732055664 20
1745621180234 39.76338195800781 21
1745621189691 49.346920013427734 22
1745621198966 63.1136360168457 23
1745621208834 72.53048706054688 24
1745621218586 87.51581573486328 25
1745621228432 105.70648193359375 26
1745621238220 115.7499008178711 27
1745621248013 125.65263366699219 28
1745621258319 141.0171356201172 29
1745621268073 151.24156188964844 30
1745621277384 171.22242736816406 31
1745621286929 192.0553741455078 32
1745621296565 209.32321166992188 33
1745621306049 200.78929138183594 34
1745621315618 229.68345642089844 35
1745621325243 242.49656677246094 36
1745621335136 260.00250244140625 37
1745621344594 271.74151611328125 38
1745621354138 282.41595458984375 39
1745621363582 302.70050048828125 40
1745621373212 334.26611328125 41
1745621382863 340.1044921875 42
1745621392414 366.0628662109375 43
1745621402352 358.623779296875 44
1745621412204 373.0399475097656 45
1745621421872 371.5876770019531 46
1745621431371 411.0345764160156 47
1745621441585 436.1331481933594 48
1745621451085 438.16363525390625 49
1745621460815 429.9723815917969 50
1745621470354 456.7337341308594 51
1745621479953 467.76092529296875 52
1745621489374 487.5815124511719 53
1745621499064 511.23193359375 54
1745621508681 513.9542236328125 55
1745621518416 553.770263671875 56
1745621528085 582.2759399414062 57
1745621537745 557.0602416992188 58
1745621547276 577.9627075195312 59
1745621556940 552.8753051757812 60
1745621566596 550.467529296875 61
1745621576885 569.668212890625 62
