1745620972886 -0.0795963853597641 0
1745620982586 -0.07977928221225739 1
1745620992129 -0.08006484061479568 2
1745621001751 -0.0803084596991539 3
1745621011372 -0.08035150915384293 4
1745621020784 -0.07827720046043396 5
1745621030191 -0.0668632909655571 6
1745621039817 -0.04867533966898918 7
1745621049716 -0.02752196602523327 8
1745621062699 -0.004767018370330334 9
1745621073112 0.019594809040427208 10
1745621082918 0.04552428796887398 11
1745621092822 0.07242777943611145 12
1745621102208 0.10069609433412552 13
1745621112225 0.13061273097991943 14
1745621122245 0.16120950877666473 15
1745621131639 0.1934276819229126 16
1745621141169 0.22703710198402405 17
1745621150666 0.2608865201473236 18
1745621160279 0.2955385446548462 19
1745621170239 0.3310438394546509 20
1745621180234 0.36732444167137146 21
1745621189691 0.4046548902988434 22
1745621198966 0.4415799081325531 23
1745621208834 0.4790334403514862 24
1745621218586 0.5153951048851013 25
1745621228432 0.5497158765792847 26
1745621238220 0.5833978652954102 27
1745621248013 0.6145620346069336 28
1745621258319 0.6443978548049927 29
1745621268073 0.6687683463096619 30
1745621277384 0.6895110011100769 31
1745621286929 0.7039312720298767 32
1745621296565 0.7171586155891418 33
1745621306049 0.7254502773284912 34
1745621315618 0.7326149940490723 35
1745621325243 0.7336223125457764 36
1745621335136 0.7343658804893494 37
1745621344594 0.7360081076622009 38
1745621354138 0.7382240891456604 39
1745621363582 0.7398484349250793 40
1745621373212 0.740763783454895 41
1745621382863 0.741462767124176 42
1745621392414 0.74092036485672 43
1745621402352 0.7426019906997681 44
1745621412204 0.7406929731369019 45
1745621421872 0.741786003112793 46
1745621431371 0.7425445914268494 47
1745621441585 0.7428874969482422 48
1745621451085 0.7437624931335449 49
1745621460815 0.7443568706512451 50
1745621470354 0.7443147301673889 51
1745621479953 0.7463086247444153 52
1745621489374 0.7420380711555481 53
1745621499064 0.7462620735168457 54
1745621508681 0.7445122003555298 55
1745621518416 0.7455448508262634 56
1745621528085 0.7458590269088745 57
1745621537745 0.7449040412902832 58
1745621547276 0.742592453956604 59
1745621556940 0.7447242140769958 60
1745621566596 0.7494007349014282 61
1745621576885 0.743843138217926 62
