1745620972886 63.82500076293945 0
1745620982586 63.82500076293945 1
1745620992129 63.82500457763672 2
1745621001751 63.82500076293945 3
1745621011372 63.825008392333984 4
1745621020784 63.824920654296875 5
1745621030191 63.82407760620117 6
1745621039817 63.82261276245117 7
1745621049716 63.82118225097656 8
1745621062699 63.816429138183594 9
1745621073112 63.810909271240234 10
1745621082918 63.80744934082031 11
1745621092822 63.778846740722656 12
1745621102208 63.743839263916016 13
1745621112225 63.74882507324219 14
1745621122245 63.709716796875 15
1745621131639 63.68735122680664 16
1745621141169 63.58375930786133 17
1745621150666 63.59516525268555 18
1745621160279 63.40812301635742 19
1745621170239 63.33993148803711 20
1745621180234 63.233604431152344 21
1745621189691 63.270469665527344 22
1745621198966 62.505516052246094 23
1745621208834 62.20868682861328 24
1745621218586 62.28793716430664 25
1745621228432 62.023101806640625 26
1745621238220 61.512691497802734 27
1745621248013 61.73859405517578 28
1745621258319 60.582481384277344 29
1745621268073 60.95820999145508 30
1745621277384 59.639556884765625 31
1745621286929 59.55109786987305 32
1745621296565 58.732383728027344 33
1745621306049 59.04064178466797 34
1745621315618 58.59185028076172 35
1745621325243 58.0247917175293 36
1745621335136 58.755149841308594 37
1745621344594 56.13391876220703 38
1745621354138 57.57347869873047 39
1745621363582 56.70828628540039 40
1745621373212 57.1707763671875 41
1745621382863 54.172386169433594 42
1745621392414 55.967491149902344 43
1745621402352 55.946250915527344 44
1745621412204 53.94558334350586 45
1745621421872 56.98958206176758 46
1745621431371 54.2613410949707 47
1745621441585 55.76303482055664 48
1745621451085 55.7374153137207 49
1745621460815 54.41031265258789 50
1745621470354 54.261993408203125 51
1745621479953 52.58990478515625 52
1745621489374 56.292171478271484 53
1745621499064 50.045372009277344 54
1745621508681 54.39458465576172 55
1745621518416 49.971858978271484 56
1745621528085 48.39420700073242 57
1745621537745 51.00986862182617 58
1745621547276 53.052738189697266 59
1745621556940 50.49282455444336 60
1745621566596 52.715362548828125 61
1745621576885 54.0535774230957 62
