1745620972886 -0.03172722086310387 0
1745620982586 -0.0032244150061160326 1
1745620992129 -0.03507551550865173 2
1745621001751 -0.02266106754541397 3
1745621011372 -0.010894650593400002 4
1745621020784 0.06415006518363953 5
1745621030191 0.013639163225889206 6
1745621039817 0.1443835347890854 7
1745621049716 0.28447064757347107 8
1745621062699 0.3192822337150574 9
1745621073112 0.37805885076522827 10
1745621082918 0.46313512325286865 11
1745621092822 0.4610130488872528 12
1745621102208 0.47170525789260864 13
1745621112225 0.5110964179039001 14
1745621122245 0.5351196527481079 15
1745621131639 0.5504924654960632 16
1745621141169 0.561171293258667 17
1745621150666 0.552823543548584 18
1745621160279 0.5608387589454651 19
1745621170239 0.5760159492492676 20
1745621180234 0.5798317790031433 21
1745621189691 0.5844792127609253 22
1745621198966 0.6026048064231873 23
1745621208834 0.60516756772995 24
1745621218586 0.595644474029541 25
1745621228432 0.5784828066825867 26
1745621238220 0.594203770160675 27
1745621248013 0.6040892004966736 28
1745621258319 0.5918613076210022 29
1745621268073 0.6151922941207886 30
1745621277384 0.6068291068077087 31
1745621286929 0.609886109828949 32
1745621296565 0.5950980186462402 33
1745621306049 0.6126528382301331 34
1745621315618 0.6130501627922058 35
1745621325243 0.6010091304779053 36
1745621335136 0.6069566607475281 37
1745621344594 0.6142069697380066 38
1745621354138 0.6074776649475098 39
1745621363582 0.6059009432792664 40
1745621373212 0.6268876791000366 41
1745621382863 0.621711790561676 42
1745621392414 0.6359574198722839 43
1745621402352 0.6213847994804382 44
1745621412204 0.6241581439971924 45
1745621421872 0.6153676509857178 46
1745621431371 0.6308633685112 47
1745621441585 0.6262989044189453 48
1745621451085 0.6151481866836548 49
1745621460815 0.6260780096054077 50
1745621470354 0.618293285369873 51
1745621479953 0.6326208114624023 52
1745621489374 0.6053619980812073 53
1745621499064 0.6153143644332886 54
1745621508681 0.6342703700065613 55
1745621518416 0.6253134608268738 56
1745621528085 0.6288874745368958 57
1745621537745 0.6357930898666382 58
1745621547276 0.6106579303741455 59
1745621556940 0.636929452419281 60
1745621566596 0.6255657076835632 61
1745621576885 0.6372727155685425 62
