1745620972886 0.7474426031112671 0
1745620982586 0.7470641732215881 1
1745620992129 0.747273325920105 2
1745621001751 0.7466068863868713 3
1745621011372 0.7476310133934021 4
1745621020784 0.7459685802459717 5
1745621030191 0.7458199858665466 6
1745621039817 0.7476353645324707 7
1745621049716 0.7468647956848145 8
1745621062699 0.7472490072250366 9
1745621073112 0.7469459772109985 10
1745621082918 0.7486119866371155 11
1745621092822 0.7482163906097412 12
1745621102208 0.7474088668823242 13
1745621112225 0.7481215596199036 14
1745621122245 0.747039258480072 15
1745621131639 0.7478538751602173 16
1745621141169 0.7491322159767151 17
1745621150666 0.7465419769287109 18
1745621160279 0.7496810555458069 19
1745621170239 0.7485730648040771 20
1745621180234 0.7466822266578674 21
1745621189691 0.7474265098571777 22
1745621198966 0.7478936314582825 23
1745621208834 0.7469674348831177 24
1745621218586 0.7478764057159424 25
1745621228432 0.7468466758728027 26
1745621238220 0.7469846606254578 27
1745621248013 0.7469124794006348 28
1745621258319 0.747145414352417 29
1745621268073 0.7465052008628845 30
1745621277384 0.746624767780304 31
1745621286929 0.7471521496772766 32
1745621296565 0.7486698627471924 33
1745621306049 0.7461671829223633 34
1745621315618 0.7478872537612915 35
1745621325243 0.7474868893623352 36
1745621335136 0.7475680112838745 37
1745621344594 0.7461987137794495 38
1745621354138 0.7477351427078247 39
1745621363582 0.745968759059906 40
1745621373212 0.7470075488090515 41
1745621382863 0.7474246025085449 42
1745621392414 0.7464764714241028 43
1745621402352 0.7461693286895752 44
1745621412204 0.7492525577545166 45
1745621421872 0.7463250160217285 46
1745621431371 0.7469114661216736 47
1745621441585 0.7463343143463135 48
1745621451085 0.7463129758834839 49
1745621460815 0.7465239763259888 50
1745621470354 0.7498148083686829 51
1745621479953 0.7466295957565308 52
1745621489374 0.7475298047065735 53
1745621499064 0.7481931447982788 54
1745621508681 0.7465420961380005 55
1745621518416 0.7465912699699402 56
1745621528085 0.7476754784584045 57
1745621537745 0.746538519859314 58
1745621547276 0.7474750876426697 59
1745621556940 0.7483723163604736 60
1745621566596 0.7478258013725281 61
1745621576885 0.7482028007507324 62
