1745678306399 7.272890567779541 0
1745678313968 7.137434482574463 1
1745678321261 7.258366107940674 2
1745678328691 7.393399238586426 3
1745678336086 7.357656955718994 4
1745678343510 7.38016939163208 5
1745678351081 7.266640901565552 6
1745678358792 7.26953125 7
1745678366486 7.397576808929443 8
1745678374595 7.684061765670776 9
1745678382718 7.829063415527344 10
1745678390509 7.340532302856445 11
1745678397846 7.301929235458374 12
1745678405540 7.240827322006226 13
1745678413045 7.209936857223511 14
1745678420305 7.22508430480957 15
1745678427925 7.193323373794556 16
1745678435604 7.263039588928223 17
1745678443262 7.362732648849487 18
1745678450645 7.3473591804504395 19
1745678458130 7.447538137435913 20
1745678466029 7.859820127487183 21
1745678473513 7.443046569824219 22
1745678480869 7.31441068649292 23
1745678488592 7.418409585952759 24
