1745678306399 0.0 0
1745678313968 1.0 1
1745678321261 2.0 2
1745678328691 3.0 3
1745678336086 4.0 4
1745678343510 5.0 5
1745678351081 6.0 6
1745678358792 7.0 7
1745678366486 8.0 8
1745678374595 9.0 9
1745678382718 10.0 10
1745678390509 11.0 11
1745678397846 12.0 12
1745678405540 13.0 13
1745678413045 14.0 14
1745678420305 15.0 15
1745678427925 16.0 16
1745678435604 17.0 17
1745678443262 18.0 18
1745678450645 19.0 19
1745678458130 20.0 20
1745678466029 21.0 21
1745678473513 22.0 22
1745678480869 23.0 23
1745678488592 24.0 24
