1745678306399 0.0011763351503759623 0
1745678313968 0.001340125105343759 1
1745678321261 0.0019184504635632038 2
1745678328691 0.005192069336771965 3
1745678336086 0.060992732644081116 4
1745678343510 0.16808386147022247 5
1745678351081 0.5045154094696045 6
1745678358792 1.1075984239578247 7
1745678366486 1.8526475429534912 8
1745678374595 3.128469228744507 9
1745678382718 4.927214622497559 10
1745678390509 7.682891845703125 11
1745678397846 12.446969985961914 12
1745678405540 18.856088638305664 13
1745678413045 29.10421371459961 14
1745678420305 40.7880973815918 15
1745678427925 58.17268371582031 16
1745678435604 74.07891845703125 17
1745678443262 81.46131896972656 18
1745678450645 94.97827911376953 19
1745678458130 107.57398223876953 20
1745678466029 116.03508758544922 21
1745678473513 126.23579406738281 22
1745678480869 134.8109893798828 23
1745678488592 148.4738311767578 24
