1745678306399 -0.040883153676986694 0
1745678313968 -0.04049469530582428 1
1745678321261 -0.0403127446770668 2
1745678328691 -0.03991333767771721 3
1745678336086 -0.03313300013542175 4
1745678343510 -0.010002265684306622 5
1745678351081 0.019484393298625946 6
1745678358792 0.05484618619084358 7
1745678366486 0.0955992266535759 8
1745678374595 0.14086714386940002 9
1745678382718 0.1897229254245758 10
1745678390509 0.24186885356903076 11
1745678397846 0.2980600893497467 12
1745678405540 0.3585113286972046 13
1745678413045 0.4203248918056488 14
1745678420305 0.48449087142944336 15
1745678427925 0.5480684041976929 16
1745678435604 0.6099443435668945 17
1745678443262 0.6633034944534302 18
1745678450645 0.7060804963111877 19
1745678458130 0.726172685623169 20
1745678466029 0.7360147833824158 21
1745678473513 0.7334558367729187 22
1745678480869 0.7351182699203491 23
1745678488592 0.734184205532074 24
