1745678306399 40.299949645996094 0
1745678313968 40.299949645996094 1
1745678321261 40.299949645996094 2
1745678328691 40.29994583129883 3
1745678336086 40.29975509643555 4
1745678343510 40.298309326171875 5
1745678351081 40.29690933227539 6
1745678358792 40.29113006591797 7
1745678366486 40.28764343261719 8
1745678374595 40.259666442871094 9
1745678382718 40.203033447265625 10
1745678390509 40.16215133666992 11
1745678397846 40.09952926635742 12
1745678405540 39.97956848144531 13
1745678413045 39.83466339111328 14
1745678420305 39.635738372802734 15
1745678427925 39.368858337402344 16
1745678435604 39.49045181274414 17
1745678443262 38.69900894165039 18
1745678450645 38.759403228759766 19
1745678458130 37.730228424072266 20
1745678466029 38.040245056152344 21
1745678473513 37.91238021850586 22
1745678480869 37.07423400878906 23
1745678488592 37.71074295043945 24
