1745678306399 -0.002110232599079609 0
1745678313968 0.018916146829724312 1
1745678321261 -0.0022541319485753775 2
1745678328691 0.02760973386466503 3
1745678336086 0.021538609638810158 4
1745678343510 0.08539523929357529 5
1745678351081 0.15215405821800232 6
1745678358792 0.2504386603832245 7
1745678366486 0.3469572961330414 8
1745678374595 0.4265669286251068 9
1745678382718 0.4647039473056793 10
1745678390509 0.4776516556739807 11
1745678397846 0.5214112401008606 12
1745678405540 0.5438868403434753 13
1745678413045 0.5206931829452515 14
1745678420305 0.5190132856369019 15
1745678427925 0.5575209856033325 16
1745678435604 0.5629680156707764 17
1745678443262 0.5646210312843323 18
1745678450645 0.5669770240783691 19
1745678458130 0.5876110196113586 20
1745678466029 0.590966522693634 21
1745678473513 0.5918156504631042 22
1745678480869 0.5919166207313538 23
1745678488592 0.608140766620636 24
