1745678306399 0.7427101135253906 0
1745678313968 0.7421661019325256 1
1745678321261 0.7408225536346436 2
1745678328691 0.7441316246986389 3
1745678336086 0.7424365282058716 4
1745678343510 0.7421197891235352 5
1745678351081 0.7436741590499878 6
1745678358792 0.742027997970581 7
1745678366486 0.743094801902771 8
1745678374595 0.7436137199401855 9
1745678382718 0.7433528304100037 10
1745678390509 0.7430279850959778 11
1745678397846 0.7437660694122314 12
1745678405540 0.7444241046905518 13
1745678413045 0.7415556907653809 14
1745678420305 0.7434669733047485 15
1745678427925 0.7411412596702576 16
1745678435604 0.7435849905014038 17
1745678443262 0.7435152530670166 18
1745678450645 0.743156909942627 19
1745678458130 0.7430835962295532 20
1745678466029 0.7423887252807617 21
1745678473513 0.7422909140586853 22
1745678480869 0.7418373823165894 23
1745678488592 0.742328405380249 24
