8.6865e-01
7.1104e-01
8.7973e-01
7.7731e-01
8.1845e-01
5.3815e-01
8.9929e-01
7.8085e-01
6.1533e-01
9.0096e-01
9.1768e-01
5.3879e-01
5.3343e-01
7.0618e-01
3.9556e-01
7.8753e-01
7.1316e-01
5.8834e-01
6.9046e-01
6.8603e-01
5.4101e-01
9.2111e-01
4.0409e-01
9.3042e-01
6.7392e-01
6.1440e-01
8.9429e-01
7.8085e-01
9.2220e-01
6.5226e-01
2.5607e-02
6.8899e-01
8.3813e-01
8.4406e-01
7.2592e-01
6.0933e-01
8.7288e-01
5.5794e-01
7.7955e-01
6.0159e-01
8.6263e-01
8.2629e-01
9.3113e-01
7.9662e-01
7.4137e-01
9.3339e-01
9.3321e-01
5.5126e-01
7.4254e-01
5.7511e-01
8.6249e-01
6.9559e-01
9.1517e-01
5.8758e-01
8.7288e-01
9.2220e-01
6.2185e-01
8.3813e-01
6.2553e-01
9.0096e-01
6.1795e-01
5.3791e-01
6.6690e-01
6.6690e-01
6.0818e-01
7.9754e-01
6.0213e-01
5.3894e-01
9.3220e-01
5.5126e-01
5.3791e-01
7.7393e-01
9.0360e-01
6.7749e-01
8.1629e-01
5.9673e-01
9.1000e-01
6.1533e-01
6.7749e-01
9.4700e-01
7.0490e-01
6.0020e-01
6.4331e-01
4.0409e-01
6.6229e-01
8.2167e-01
6.0020e-01
8.5998e-01
6.8015e-01
8.7973e-01
8.5998e-01
8.1119e-01
8.4637e-01
7.0324e-01
6.9779e-01
6.5314e-01
2.9316e-01
9.4029e-01
7.8850e-01
6.5238e-01
5.9415e-01
7.4845e-01
8.3531e-01
7.9758e-01
5.9442e-01
8.6249e-01
6.6933e-01
7.9190e-01
7.8850e-01
9.3220e-01
7.0113e-01
7.0262e-01
3.8859e-01
9.0926e-01
8.2748e-01
6.1981e-01
7.8418e-01
8.7623e-01
7.0984e-01
9.0527e-01
7.0080e-01
5.8834e-01
8.8716e-01
9.4983e-01
6.0159e-01
8.3815e-01
6.5238e-01
6.0290e-01
7.3091e-01
6.8899e-01
7.1316e-01
6.3350e-01
9.2047e-01
4.4940e-01
9.4784e-01
9.4842e-01
6.6229e-01
7.8753e-01
8.8881e-01
7.6036e-01
2.1930e-01
7.4047e-01
7.6314e-01
6.7535e-01
7.9929e-01
6.6933e-01
3.8859e-01
3.6923e-01
6.4153e-01
8.7623e-01
5.9415e-01
7.0984e-01
6.3350e-01
4.4678e-01
7.2592e-01
9.1825e-01
7.7311e-01
7.5191e-01
2.1755e-01
3.6908e-01
9.2130e-01
9.1176e-01
9.4784e-01
6.9231e-01
3.8491e-01
5.3639e-01
4.8236e-01
6.3186e-01
6.5226e-01
6.2332e-01
5.9915e-01
5.4438e-01
2.4218e-01
3.6923e-01
8.3282e-01
8.2202e-01
7.0113e-01
8.8869e-01
8.4082e-01
7.9758e-01
2.5607e-02
7.8418e-01
9.3309e-01
6.8603e-01
8.3435e-01
6.0290e-01
6.0213e-01
3.8491e-01
7.9662e-01
5.9029e-01
6.0777e-01
8.8881e-01
8.8994e-01
5.3879e-01
5.3901e-01
9.2047e-01
7.9190e-01
7.0324e-01
9.4842e-01
6.0521e-01
5.9442e-01
4.1895e-01
1.7661e-02
7.0080e-01
9.1611e-01
8.1845e-01
6.2185e-01
6.5314e-01
9.1927e-01
7.4045e-01
6.8572e-01
5.4438e-01
8.1654e-01
5.9029e-01
4.5196e-01
8.2202e-01
8.9929e-01
7.6314e-01
8.8716e-01
-4.8824e-03
7.8553e-01
4.4940e-01
9.1517e-01
7.2734e-01
5.3343e-01
6.8572e-01
6.9779e-01
7.4910e-01
9.3321e-01
6.3560e-01
7.4677e-01
7.9927e-01
7.4677e-01
5.1414e-01
9.2111e-01
5.5794e-01
9.4983e-01
7.4776e-01
5.3815e-01
6.1795e-01
8.2264e-01
4.9677e-01
8.4406e-01
6.1357e-01
9.4287e-01
9.1768e-01
2.1755e-01
7.7393e-01
5.3894e-01
6.2553e-01
7.4776e-01
9.2235e-01
8.1925e-01
8.3531e-01
6.4999e-01
7.3055e-01
6.7392e-01
8.5565e-01
5.6683e-01
6.4331e-01
-4.8824e-03
6.9559e-01
7.4047e-01
6.8130e-01
7.4137e-01
4.4678e-01
3.9556e-01
6.2999e-01
9.4458e-01
9.4628e-01
3.2837e-01
6.3560e-01
7.9929e-01
3.2837e-01
1.7661e-02
7.0618e-01
5.8758e-01
5.7196e-01
9.1611e-01
9.2024e-01
7.0490e-01
9.1927e-01
5.9915e-01
6.2999e-01
2.9316e-01
6.7535e-01
7.6036e-01
8.1629e-01
7.7731e-01
6.0777e-01
7.0262e-01
9.3824e-01
7.4045e-01
8.5565e-01
7.2734e-01
9.2024e-01
6.8130e-01
9.4628e-01
7.4833e-01
5.7196e-01
5.4101e-01
5.3901e-01
9.1400e-01
4.5196e-01
6.1981e-01
6.4153e-01
5.3639e-01
7.4845e-01
7.7311e-01
9.1825e-01
9.2130e-01
8.6865e-01
7.8553e-01
6.3027e-01
6.1440e-01
8.1119e-01
6.0818e-01
2.1930e-01
7.3091e-01
8.2629e-01
6.3186e-01
7.4254e-01
9.4029e-01
5.6683e-01
9.1404e-01
8.1925e-01
7.7955e-01
8.9168e-01
6.1357e-01
5.2428e-01
5.2428e-01
8.8869e-01
9.4458e-01
