1745678806561 7.094055414199829 0
1745678813977 6.992530107498169 1
1745678821408 7.397123575210571 2
1745678828722 7.278416395187378 3
1745678835999 7.240508556365967 4
1745678843403 7.366305589675903 5
1745678850932 7.221928358078003 6
1745678858699 7.304516077041626 7
1745678866252 7.256146669387817 8
1745678874049 7.372682809829712 9
1745678881581 7.234929323196411 10
1745678889121 7.097141742706299 11
1745678896324 7.16864538192749 12
1745678903575 7.216010093688965 13
1745678911357 7.331414461135864 14
1745678918823 7.16849160194397 15
1745678926117 7.2565758228302 16
1745678933485 7.331467151641846 17
1745678940931 7.405705690383911 18
1745678948282 7.309619426727295 19
1745678955793 7.47050142288208 20
1745678963302 7.465721845626831 21
1745678970858 7.513511896133423 22
1745678978157 7.253008842468262 23
1745678985495 7.294786214828491 24
