1745678806561 0.0 0
1745678813977 1.0 1
1745678821408 2.0 2
1745678828722 3.0 3
1745678835999 4.0 4
1745678843403 5.0 5
1745678850932 6.0 6
1745678858699 7.0 7
1745678866252 8.0 8
1745678874049 9.0 9
1745678881581 10.0 10
1745678889121 11.0 11
1745678896324 12.0 12
1745678903575 13.0 13
1745678911357 14.0 14
1745678918823 15.0 15
1745678926117 16.0 16
1745678933485 17.0 17
1745678940931 18.0 18
1745678948282 19.0 19
1745678955793 20.0 20
1745678963302 21.0 21
1745678970858 22.0 22
1745678978157 23.0 23
1745678985495 24.0 24
