1745678806561 0.0023534989450126886 0
1745678813977 0.00764199486002326 1
1745678821408 0.0911494717001915 2
1745678828722 0.23063699901103973 3
1745678835999 0.5502715110778809 4
1745678843403 0.9188735485076904 5
1745678850932 1.6008434295654297 6
1745678858699 2.769425868988037 7
1745678866252 4.396829128265381 8
1745678874049 7.154499530792236 9
1745678881581 11.075098037719727 10
1745678889121 18.34720230102539 11
1745678896324 27.322952270507812 12
1745678903575 38.696197509765625 13
1745678911357 51.74113845825195 14
1745678918823 62.25381851196289 15
1745678926117 64.62269592285156 16
1745678933485 77.44239807128906 17
1745678940931 81.3093490600586 18
1745678948282 96.79022216796875 19
1745678955793 110.27385711669922 20
1745678963302 123.12257385253906 21
1745678970858 131.05624389648438 22
1745678978157 142.1539306640625 23
1745678985495 140.5321502685547 24
