1745678806561 0.019372321665287018 0
1745678813977 0.020051712170243263 1
1745678821408 0.02487805299460888 2
1745678828722 0.043809279799461365 3
1745678835999 0.07221631705760956 4
1745678843403 0.10472363978624344 5
1745678850932 0.14199811220169067 6
1745678858699 0.1842193305492401 7
1745678866252 0.23038005828857422 8
1745678874049 0.2807793915271759 9
1745678881581 0.33486267924308777 10
1745678889121 0.3913247287273407 11
1745678896324 0.45080292224884033 12
1745678903575 0.5117200613021851 13
1745678911357 0.5740896463394165 14
1745678918823 0.6320388913154602 15
1745678926117 0.6824594736099243 16
1745678933485 0.7182437181472778 17
1745678940931 0.7374430894851685 18
1745678948282 0.7415354251861572 19
1745678955793 0.7423350811004639 20
1745678963302 0.7425898313522339 21
1745678970858 0.7390092015266418 22
1745678978157 0.7468428015708923 23
1745678985495 0.7470356822013855 24
