1745678806561 40.299949645996094 0
1745678813977 40.29994583129883 1
1745678821408 40.299652099609375 2
1745678828722 40.298614501953125 3
1745678835999 40.298011779785156 4
1745678843403 40.29293441772461 5
1745678850932 40.285213470458984 6
1745678858699 40.265464782714844 7
1745678866252 40.246944427490234 8
1745678874049 40.2067756652832 9
1745678881581 40.15323257446289 10
1745678889121 40.0590705871582 11
1745678896324 39.84930419921875 12
1745678903575 39.701416015625 13
1745678911357 39.21255874633789 14
1745678918823 39.505615234375 15
1745678926117 39.1368293762207 16
1745678933485 38.655433654785156 17
1745678940931 38.296356201171875 18
1745678948282 37.547828674316406 19
1745678955793 37.13911437988281 20
1745678963302 36.97549057006836 21
1745678970858 37.11978530883789 22
1745678978157 36.9967155456543 23
1745678985495 37.0958137512207 24
