1745678806561 0.03722513094544411 0
1745678813977 -0.012849935330450535 1
1745678821408 0.0048081581480801105 2
1745678828722 0.12599976360797882 3
1745678835999 0.19784580171108246 4
1745678843403 0.3232574760913849 5
1745678850932 0.3653534948825836 6
1745678858699 0.4477614760398865 7
1745678866252 0.4674597382545471 8
1745678874049 0.5342731475830078 9
1745678881581 0.5364744067192078 10
1745678889121 0.5745906233787537 11
1745678896324 0.5570440888404846 12
1745678903575 0.5857560634613037 13
1745678911357 0.5627260804176331 14
1745678918823 0.5650938153266907 15
1745678926117 0.5874187350273132 16
1745678933485 0.6302163004875183 17
1745678940931 0.6132153272628784 18
1745678948282 0.6263257265090942 19
1745678955793 0.608919084072113 20
1745678963302 0.6313372850418091 21
1745678970858 0.6346539855003357 22
1745678978157 0.6390103101730347 23
1745678985495 0.6410571932792664 24
