1745678806561 0.7488105297088623 0
1745678813977 0.7503885626792908 1
1745678821408 0.7488455772399902 2
1745678828722 0.7491288781166077 3
1745678835999 0.7484168410301208 4
1745678843403 0.7490882873535156 5
1745678850932 0.7472642064094543 6
1745678858699 0.7491087317466736 7
1745678866252 0.7481719255447388 8
1745678874049 0.7492220401763916 9
1745678881581 0.750382661819458 10
1745678889121 0.7500672340393066 11
1745678896324 0.748417317867279 12
1745678903575 0.751226544380188 13
1745678911357 0.7475470304489136 14
1745678918823 0.7497449517250061 15
1745678926117 0.7476869821548462 16
1745678933485 0.7493554949760437 17
1745678940931 0.7498319149017334 18
1745678948282 0.7495035529136658 19
1745678955793 0.7471715807914734 20
1745678963302 0.7485742568969727 21
1745678970858 0.7511671781539917 22
1745678978157 0.7501415610313416 23
1745678985495 0.7485918998718262 24
