7.7698e-01
7.4642e-01
7.7515e-01
7.5988e-01
7.7689e-01
7.4631e-01
7.6434e-01
7.3307e-01
7.2896e-01
7.7930e-01
7.7207e-01
7.6091e-01
7.2754e-01
7.4932e-01
7.0410e-01
7.4574e-01
7.6528e-01
7.4798e-01
7.2058e-01
7.6012e-01
7.4849e-01
7.7835e-01
5.9900e-01
7.8154e-01
7.4717e-01
7.7334e-01
7.7737e-01
7.3307e-01
7.6356e-01
6.9162e-01
5.2866e-01
7.4941e-01
7.6473e-01
7.7133e-01
7.0740e-01
7.4805e-01
7.7298e-01
7.4030e-01
7.6479e-01
7.5628e-01
7.7030e-01
7.5931e-01
7.7615e-01
7.6081e-01
7.7279e-01
7.7089e-01
7.7957e-01
7.5125e-01
7.7042e-01
7.3454e-01
7.6489e-01
6.3862e-01
7.7825e-01
7.4145e-01
7.7298e-01
7.6356e-01
7.5291e-01
7.6473e-01
7.6409e-01
7.7930e-01
7.7048e-01
7.3781e-01
7.5787e-01
7.5787e-01
7.4961e-01
7.3543e-01
7.4143e-01
7.3973e-01
7.7163e-01
7.5125e-01
7.3781e-01
7.7527e-01
7.7974e-01
6.7476e-01
7.5179e-01
7.5509e-01
7.7917e-01
7.2896e-01
6.7476e-01
7.7920e-01
7.5532e-01
7.5639e-01
7.5057e-01
5.9900e-01
7.5539e-01
7.7703e-01
7.5639e-01
7.7138e-01
7.4938e-01
7.7515e-01
7.7138e-01
7.7633e-01
7.8005e-01
7.6189e-01
7.6268e-01
7.6335e-01
6.2120e-01
7.7545e-01
7.2469e-01
7.7141e-01
7.3767e-01
7.6805e-01
7.6634e-01
7.6298e-01
7.5656e-01
7.6489e-01
7.6972e-01
7.6184e-01
7.2469e-01
7.7163e-01
7.4709e-01
7.5300e-01
7.2896e-01
7.7844e-01
7.5986e-01
7.3021e-01
7.7538e-01
7.5701e-01
7.4010e-01
7.7279e-01
7.5321e-01
7.4798e-01
7.6004e-01
7.8246e-01
7.5628e-01
7.7538e-01
7.7141e-01
7.4720e-01
7.6122e-01
7.4941e-01
7.6528e-01
7.5807e-01
7.7536e-01
6.9395e-01
7.8106e-01
7.8133e-01
7.5539e-01
7.4574e-01
7.6553e-01
7.1727e-01
6.4859e-01
7.4850e-01
7.5899e-01
7.6131e-01
7.7070e-01
7.6972e-01
7.2896e-01
7.0819e-01
7.5342e-01
7.5701e-01
7.3767e-01
7.4010e-01
7.5807e-01
7.6158e-01
7.0740e-01
7.7564e-01
7.5975e-01
7.5733e-01
5.6568e-01
7.3900e-01
7.7364e-01
7.6611e-01
7.8106e-01
6.7561e-01
7.1852e-01
7.4754e-01
7.2400e-01
7.4255e-01
6.9162e-01
6.9154e-01
7.4302e-01
7.1805e-01
6.1485e-01
7.0819e-01
7.6564e-01
7.6018e-01
7.4709e-01
7.6930e-01
7.7235e-01
7.6298e-01
5.2866e-01
7.7538e-01
7.7697e-01
7.6012e-01
7.5786e-01
7.4720e-01
7.4143e-01
7.1852e-01
7.6081e-01
7.5194e-01
7.5210e-01
7.6553e-01
7.7900e-01
7.6091e-01
7.4794e-01
7.7536e-01
7.6184e-01
7.6189e-01
7.8133e-01
7.4919e-01
7.5656e-01
7.3331e-01
6.3965e-01
7.5321e-01
7.7732e-01
7.7689e-01
7.5291e-01
7.6335e-01
7.7272e-01
7.6221e-01
7.5578e-01
7.1805e-01
7.7527e-01
7.5194e-01
7.1184e-01
7.6018e-01
7.6434e-01
7.5899e-01
7.6004e-01
6.4438e-01
7.7037e-01
6.9395e-01
7.7825e-01
7.7111e-01
7.2754e-01
7.5578e-01
7.6268e-01
7.6710e-01
7.7957e-01
7.6054e-01
7.6279e-01
7.6650e-01
7.6279e-01
7.5558e-01
7.7835e-01
7.4030e-01
7.8246e-01
7.6636e-01
7.4631e-01
7.7048e-01
7.6336e-01
7.0247e-01
7.7133e-01
7.6709e-01
7.7987e-01
7.7207e-01
5.6568e-01
7.7527e-01
7.3973e-01
7.6409e-01
7.6636e-01
7.7779e-01
7.6444e-01
7.6634e-01
7.6430e-01
7.7220e-01
7.4717e-01
7.4973e-01
7.5018e-01
7.5057e-01
6.4438e-01
6.3862e-01
7.4850e-01
7.5118e-01
7.7279e-01
7.6158e-01
7.0410e-01
7.5184e-01
7.7102e-01
7.7970e-01
7.1825e-01
7.6054e-01
7.7070e-01
7.1825e-01
6.3965e-01
7.4932e-01
7.4145e-01
7.4195e-01
7.7732e-01
7.7133e-01
7.5532e-01
7.7272e-01
7.4302e-01
7.5184e-01
6.2120e-01
7.6131e-01
7.1727e-01
7.5179e-01
7.5988e-01
7.5210e-01
7.5300e-01
7.7596e-01
7.6221e-01
7.4973e-01
7.7111e-01
7.7133e-01
7.5118e-01
7.7970e-01
7.6011e-01
7.4195e-01
7.4849e-01
7.4794e-01
7.7181e-01
7.1184e-01
7.3021e-01
7.5342e-01
7.4754e-01
7.6805e-01
7.5975e-01
7.7564e-01
7.7364e-01
7.7698e-01
7.7037e-01
7.6991e-01
7.7334e-01
7.7633e-01
7.4961e-01
6.4859e-01
7.6122e-01
7.5931e-01
7.4255e-01
7.7042e-01
7.7545e-01
7.5018e-01
7.7232e-01
7.6444e-01
7.6479e-01
7.6503e-01
7.6709e-01
7.7140e-01
7.7140e-01
7.6930e-01
7.7102e-01
