1745626461179 9.556780576705933 0
1745626471179 9.645382642745972 1
1745626481003 9.78902530670166 2
1745626490982 9.427905082702637 3
1745626501205 9.672828197479248 4
1745626511241 9.67041277885437 5
1745626520966 9.686710119247437 6
1745626530793 9.297565460205078 7
1745626540917 10.084256887435913 8
1745626551109 10.153681755065918 9
1745626561245 10.095051050186157 10
1745626571000 9.713558435440063 11
1745626580613 9.570528984069824 12
1745626590289 9.633779048919678 13
1745626599995 9.662497997283936 14
1745626609699 9.660788774490356 15
1745626619414 9.670053482055664 16
1745626629172 9.714965581893921 17
1745626638769 9.551445484161377 18
1745626648582 9.769498348236084 19
1745626658340 9.71464991569519 20
1745626668002 9.618732690811157 21
1745626678147 9.619326829910278 22
1745626687692 9.504585027694702 23
1745626697434 9.701661586761475 24
1745626707127 9.651504755020142 25
1745626716861 9.692647695541382 26
1745626726671 9.765558242797852 27
1745626736494 9.778375625610352 28
1745626746642 10.104838132858276 29
1745626756421 9.73306393623352 30
1745626766128 9.662079095840454 31
1745626775822 9.648459672927856 32
1745626785344 9.476244688034058 33
1745626795067 9.678977727890015 34
1745626804729 9.618252992630005 35
1745626814463 9.686908960342407 36
1745626824230 9.721246242523193 37
1745626833836 9.560896396636963 38
1745626843672 9.789314270019531 39
1745626853749 10.03002643585205 40
1745626863532 9.736893892288208 41
1745626873662 10.080781698226929 42
1745626883666 9.957047939300537 43
1745626893496 9.781013250350952 44
1745626903134 9.591830968856812 45
1745626912984 9.802407026290894 46
1745626922913 9.882548570632935 47
1745626932655 9.695120334625244 48
1745626942536 9.824918270111084 49
