1745626461179 0.0 0
1745626471179 1.0 1
1745626481003 2.0 2
1745626490982 3.0 3
1745626501205 4.0 4
1745626511241 5.0 5
1745626520966 6.0 6
1745626530793 7.0 7
1745626540917 8.0 8
1745626551109 9.0 9
1745626561245 10.0 10
1745626571000 11.0 11
1745626580613 12.0 12
1745626590289 13.0 13
1745626599995 14.0 14
1745626609699 15.0 15
1745626619414 16.0 16
1745626629172 17.0 17
1745626638769 18.0 18
1745626648582 19.0 19
1745626658340 20.0 20
1745626668002 21.0 21
1745626678147 22.0 22
1745626687692 23.0 23
1745626697434 24.0 24
1745626707127 25.0 25
1745626716861 26.0 26
1745626726671 27.0 27
1745626736494 28.0 28
1745626746642 29.0 29
1745626756421 30.0 30
1745626766128 31.0 31
1745626775822 32.0 32
1745626785344 33.0 33
1745626795067 34.0 34
1745626804729 35.0 35
1745626814463 36.0 36
1745626824230 37.0 37
1745626833836 38.0 38
1745626843672 39.0 39
1745626853749 40.0 40
1745626863532 41.0 41
1745626873662 42.0 42
1745626883666 43.0 43
1745626893496 44.0 44
1745626903134 45.0 45
1745626912984 46.0 46
1745626922913 47.0 47
1745626932655 48.0 48
1745626942536 49.0 49
