1745626461179 0.09648781269788742 0
1745626471179 1.343252420425415 1
1745626481003 19.067699432373047 2
1745626490982 52.668155670166016 3
1745626501205 77.98240661621094 4
1745626511241 91.82969665527344 5
1745626520966 152.87588500976562 6
1745626530793 88.06575012207031 7
1745626540917 91.61751556396484 8
1745626551109 112.5894546508789 9
1745626561245 89.59664916992188 10
1745626571000 86.78524780273438 11
1745626580613 82.36809539794922 12
1745626590289 98.06063079833984 13
1745626599995 88.07234954833984 14
1745626609699 87.39530181884766 15
1745626619414 91.47801971435547 16
1745626629172 85.72313690185547 17
1745626638769 76.35890197753906 18
1745626648582 81.62751007080078 19
1745626658340 76.64490509033203 20
1745626668002 80.81206512451172 21
1745626678147 79.50010681152344 22
1745626687692 89.57669067382812 23
1745626697434 82.29280090332031 24
1745626707127 80.94620513916016 25
1745626716861 73.68827819824219 26
1745626726671 69.97049713134766 27
1745626736494 82.09681701660156 28
1745626746642 75.51778411865234 29
1745626756421 75.83065032958984 30
1745626766128 73.83631896972656 31
1745626775822 75.04375457763672 32
1745626785344 74.08338165283203 33
1745626795067 75.8539810180664 34
1745626804729 88.98918914794922 35
1745626814463 74.34491729736328 36
1745626824230 77.88392639160156 37
1745626833836 71.090087890625 38
1745626843672 71.78805541992188 39
1745626853749 72.5760726928711 40
1745626863532 70.02965545654297 41
1745626873662 85.85710906982422 42
1745626883666 69.85911560058594 43
1745626893496 70.81360626220703 44
1745626903134 67.64681243896484 45
1745626912984 69.306640625 46
1745626922913 73.3967056274414 47
1745626932655 95.46546936035156 48
1745626942536 71.95594024658203 49
