1745626461179 0.040324751287698746 0
1745626471179 0.14979833364486694 1
1745626481003 0.44565549492836 2
1745626490982 0.7620342969894409 3
1745626501205 0.7285811901092529 4
1745626511241 0.7341888546943665 5
1745626520966 0.7491146326065063 6
1745626530793 0.7362884879112244 7
1745626540917 0.7404319047927856 8
1745626551109 0.7450011372566223 9
1745626561245 0.7361019849777222 10
1745626571000 0.733283281326294 11
1745626580613 0.7516452670097351 12
1745626590289 0.7418229579925537 13
1745626599995 0.730248749256134 14
1745626609699 0.7472895383834839 15
1745626619414 0.7369292974472046 16
1745626629172 0.7475351691246033 17
1745626638769 0.7403925061225891 18
1745626648582 0.7416752576828003 19
1745626658340 0.7322720289230347 20
1745626668002 0.7583255767822266 21
1745626678147 0.731293797492981 22
1745626687692 0.7437080144882202 23
1745626697434 0.7409740686416626 24
1745626707127 0.7443079352378845 25
1745626716861 0.7376822233200073 26
1745626726671 0.7451072931289673 27
1745626736494 0.7406287789344788 28
1745626746642 0.7397012710571289 29
1745626756421 0.7393887639045715 30
1745626766128 0.742957592010498 31
1745626775822 0.740341067314148 32
1745626785344 0.7404404282569885 33
1745626795067 0.739223062992096 34
1745626804729 0.7463854551315308 35
1745626814463 0.7363684177398682 36
1745626824230 0.7488623261451721 37
1745626833836 0.7388947010040283 38
1745626843672 0.7375820279121399 39
1745626853749 0.7448777556419373 40
1745626863532 0.7438986301422119 41
1745626873662 0.7415806651115417 42
1745626883666 0.7415196299552917 43
1745626893496 0.7370738387107849 44
1745626903134 0.7430664896965027 45
1745626912984 0.737339437007904 46
1745626922913 0.7407141327857971 47
1745626932655 0.7377762198448181 48
1745626942536 0.7446324229240417 49
