1745626461179 40.299156188964844 0
1745626471179 40.27431869506836 1
1745626481003 39.85921859741211 2
1745626490982 38.266963958740234 3
1745626501205 35.96870422363281 4
1745626511241 32.950660705566406 5
1745626520966 35.011566162109375 6
1745626530793 31.976715087890625 7
1745626540917 34.473384857177734 8
1745626551109 33.93231201171875 9
1745626561245 31.88701057434082 10
1745626571000 36.28728485107422 11
1745626580613 34.22954559326172 12
1745626590289 31.185083389282227 13
1745626599995 35.331146240234375 14
1745626609699 34.38573455810547 15
1745626619414 32.46346664428711 16
1745626629172 31.759672164916992 17
1745626638769 31.036680221557617 18
1745626648582 28.595951080322266 19
1745626658340 33.1439208984375 20
1745626668002 33.02619171142578 21
1745626678147 33.294010162353516 22
1745626687692 30.582698822021484 23
1745626697434 32.612369537353516 24
1745626707127 29.557706832885742 25
1745626716861 30.57639503479004 26
1745626726671 30.968231201171875 27
1745626736494 28.760313034057617 28
1745626746642 27.41394805908203 29
1745626756421 29.30710220336914 30
1745626766128 30.224557876586914 31
1745626775822 31.526132583618164 32
1745626785344 31.78451156616211 33
1745626795067 30.084453582763672 34
1745626804729 30.7690372467041 35
1745626814463 30.932525634765625 36
1745626824230 29.801177978515625 37
1745626833836 30.514341354370117 38
1745626843672 32.03376388549805 39
1745626853749 28.38496971130371 40
1745626863532 30.94002914428711 41
1745626873662 30.523908615112305 42
1745626883666 30.40879249572754 43
1745626893496 28.9990177154541 44
1745626903134 31.886262893676758 45
1745626912984 32.17566680908203 46
1745626922913 29.84443473815918 47
1745626932655 32.161373138427734 48
1745626942536 33.718074798583984 49
