1745626461179 -0.047584716230630875 0
1745626471179 0.11356843262910843 1
1745626481003 0.2565714418888092 2
1745626490982 0.38010305166244507 3
1745626501205 0.44606703519821167 4
1745626511241 0.4552854597568512 5
1745626520966 0.47368454933166504 6
1745626530793 0.4994192123413086 7
1745626540917 0.5217070579528809 8
1745626551109 0.5298027396202087 9
1745626561245 0.5409630537033081 10
1745626571000 0.5425147414207458 11
1745626580613 0.5302800536155701 12
1745626590289 0.5618283748626709 13
1745626599995 0.548093318939209 14
1745626609699 0.5509305596351624 15
1745626619414 0.5726894736289978 16
1745626629172 0.5751803517341614 17
1745626638769 0.5501724481582642 18
1745626648582 0.5524550676345825 19
1745626658340 0.5766863822937012 20
1745626668002 0.5611792206764221 21
1745626678147 0.5856682658195496 22
1745626687692 0.5841109156608582 23
1745626697434 0.5889633893966675 24
1745626707127 0.5980019569396973 25
1745626716861 0.5952559113502502 26
1745626726671 0.6046801805496216 27
1745626736494 0.6222209334373474 28
1745626746642 0.6053615212440491 29
1745626756421 0.6136239767074585 30
1745626766128 0.6018688678741455 31
1745626775822 0.6052183508872986 32
1745626785344 0.6058430075645447 33
1745626795067 0.587902843952179 34
1745626804729 0.6008801460266113 35
1745626814463 0.610103189945221 36
1745626824230 0.6065327525138855 37
1745626833836 0.6348142623901367 38
1745626843672 0.6393037438392639 39
1745626853749 0.637258768081665 40
1745626863532 0.6227927207946777 41
1745626873662 0.627203643321991 42
1745626883666 0.630790650844574 43
1745626893496 0.6467528939247131 44
1745626903134 0.6354746222496033 45
1745626912984 0.6410777568817139 46
1745626922913 0.640720546245575 47
1745626932655 0.6372259259223938 48
1745626942536 0.6476770639419556 49
