1745626461179 0.7402858138084412 0
1745626471179 0.742340087890625 1
1745626481003 0.7395488023757935 2
1745626490982 0.7391722798347473 3
1745626501205 0.7408495545387268 4
1745626511241 0.7399402260780334 5
1745626520966 0.7394025921821594 6
1745626530793 0.739922285079956 7
1745626540917 0.7419715523719788 8
1745626551109 0.7411460876464844 9
1745626561245 0.7394282817840576 10
1745626571000 0.7388173937797546 11
1745626580613 0.7405544519424438 12
1745626590289 0.7406208515167236 13
1745626599995 0.7401348352432251 14
1745626609699 0.7425777912139893 15
1745626619414 0.7401595115661621 16
1745626629172 0.7403093576431274 17
1745626638769 0.740442156791687 18
1745626648582 0.741803765296936 19
1745626658340 0.741177499294281 20
1745626668002 0.7440865635871887 21
1745626678147 0.7408051490783691 22
1745626687692 0.7416667938232422 23
1745626697434 0.741052508354187 24
1745626707127 0.7411141395568848 25
1745626716861 0.7414629459381104 26
1745626726671 0.7404800653457642 27
1745626736494 0.7410145401954651 28
1745626746642 0.7400492429733276 29
1745626756421 0.7392606735229492 30
1745626766128 0.7423104643821716 31
1745626775822 0.7412739396095276 32
1745626785344 0.7417184114456177 33
1745626795067 0.7424744367599487 34
1745626804729 0.7393120527267456 35
1745626814463 0.7397290468215942 36
1745626824230 0.741289496421814 37
1745626833836 0.7422627210617065 38
1745626843672 0.7411383390426636 39
1745626853749 0.7407379746437073 40
1745626863532 0.7420847415924072 41
1745626873662 0.7412554025650024 42
1745626883666 0.7402812838554382 43
1745626893496 0.7409267425537109 44
1745626903134 0.7408504486083984 45
1745626912984 0.7407392263412476 46
1745626922913 0.741233766078949 47
1745626932655 0.7420758008956909 48
1745626942536 0.7413665652275085 49
