9.1770e-01
5.3846e-01
8.3006e-01
6.1523e-01
8.1809e-01
5.5163e-01
8.3040e-01
7.1159e-01
6.4866e-01
7.2762e-01
9.3313e-01
7.3271e-01
5.3480e-01
5.5553e-01
5.2902e-01
5.7246e-01
6.3836e-01
5.5829e-01
6.5973e-01
5.3649e-01
4.4916e-01
8.1300e-01
5.1014e-01
9.7414e-01
5.7831e-01
6.9272e-01
7.2271e-01
7.1159e-01
7.4104e-01
4.4961e-01
4.0381e-01
6.3728e-01
6.4738e-01
7.1658e-01
5.2656e-01
5.5561e-01
7.1910e-01
5.1102e-01
9.2823e-01
5.7328e-01
6.8735e-01
6.4119e-01
7.8007e-01
6.8034e-01
6.0645e-01
7.8998e-01
1.0023e+00
5.6126e-01
7.4173e-01
5.8205e-01
6.7601e-01
5.5938e-01
8.1548e-01
6.1913e-01
7.1910e-01
7.4104e-01
5.7293e-01
6.4738e-01
5.9133e-01
7.2762e-01
7.9650e-01
5.5368e-01
7.7433e-01
7.7433e-01
6.3308e-01
5.4908e-01
3.7757e-01
5.0935e-01
7.7046e-01
5.6126e-01
5.5368e-01
8.4189e-01
8.6615e-01
5.7590e-01
7.2693e-01
5.6593e-01
8.6935e-01
6.4866e-01
5.7590e-01
9.7868e-01
6.5307e-01
6.1853e-01
5.7012e-01
5.1014e-01
7.0488e-01
8.2690e-01
6.1853e-01
8.3878e-01
8.0151e-01
8.3006e-01
8.3878e-01
9.1351e-01
8.0842e-01
6.2538e-01
7.9176e-01
6.7508e-01
4.2074e-01
9.1992e-01
6.3253e-01
6.5339e-01
5.4556e-01
5.6158e-01
7.2993e-01
6.9623e-01
7.3320e-01
6.7601e-01
7.5669e-01
6.2055e-01
6.3253e-01
7.7046e-01
5.3088e-01
6.0428e-01
6.2173e-01
8.1066e-01
7.0713e-01
5.3417e-01
8.0581e-01
7.5613e-01
5.9411e-01
7.0499e-01
6.0504e-01
5.5829e-01
9.0757e-01
1.0412e+00
5.7328e-01
8.8009e-01
6.5339e-01
5.4667e-01
6.9097e-01
6.3728e-01
6.3836e-01
5.9538e-01
5.5662e-01
4.2931e-01
7.9244e-01
9.7459e-01
7.0488e-01
5.7246e-01
6.3656e-01
7.4541e-01
7.4266e-01
8.6437e-01
6.3834e-01
5.6215e-01
6.3000e-01
7.5669e-01
6.2173e-01
6.9527e-01
7.1868e-01
7.5613e-01
5.4556e-01
5.9411e-01
5.9538e-01
6.3779e-01
5.2656e-01
9.1724e-01
7.5638e-01
5.4874e-01
4.2259e-01
5.9336e-01
8.9145e-01
9.3498e-01
7.9244e-01
5.6263e-01
5.2503e-01
5.3844e-01
5.1773e-01
5.4014e-01
4.4961e-01
5.4036e-01
5.9905e-01
5.3390e-01
4.6821e-01
6.9527e-01
5.8155e-01
7.5493e-01
5.3088e-01
6.6633e-01
7.0166e-01
6.9623e-01
4.0381e-01
8.0581e-01
8.7164e-01
5.3649e-01
8.6545e-01
5.4667e-01
3.7757e-01
5.2503e-01
6.8034e-01
5.4956e-01
5.1387e-01
6.3656e-01
9.7041e-01
7.3271e-01
5.4202e-01
5.5662e-01
6.2055e-01
6.2538e-01
9.7459e-01
7.7631e-01
7.3320e-01
9.1081e-01
4.7454e-01
6.0504e-01
9.1352e-01
8.1809e-01
5.7293e-01
6.7508e-01
7.7459e-01
6.5586e-01
6.7504e-01
5.3390e-01
7.8358e-01
5.4956e-01
7.8772e-01
7.5493e-01
8.3040e-01
6.3834e-01
9.0757e-01
7.3580e-01
6.5067e-01
4.2931e-01
8.1548e-01
6.5185e-01
5.3480e-01
6.7504e-01
7.9176e-01
7.6287e-01
1.0023e+00
6.4170e-01
7.0460e-01
7.2457e-01
7.0460e-01
7.5246e-01
8.1300e-01
5.1102e-01
1.0412e+00
5.6678e-01
5.5163e-01
7.9650e-01
7.2329e-01
5.5280e-01
7.1658e-01
5.5714e-01
9.7291e-01
9.3313e-01
4.2259e-01
8.4189e-01
5.0935e-01
5.9133e-01
5.6678e-01
8.1694e-01
6.7537e-01
7.2993e-01
6.9622e-01
7.2799e-01
5.7831e-01
6.3039e-01
5.7244e-01
5.7012e-01
7.3580e-01
5.5938e-01
8.6437e-01
7.0387e-01
6.0645e-01
6.3779e-01
5.2902e-01
4.8600e-01
8.9184e-01
9.9586e-01
5.6630e-01
6.4170e-01
6.3000e-01
5.6630e-01
4.7454e-01
5.5553e-01
6.1913e-01
5.4041e-01
9.1352e-01
7.4965e-01
6.5307e-01
7.7459e-01
5.9905e-01
4.8600e-01
4.2074e-01
5.6215e-01
7.4541e-01
7.2693e-01
6.1523e-01
5.1387e-01
6.0428e-01
9.6613e-01
6.5586e-01
6.3039e-01
6.5185e-01
7.4965e-01
7.0387e-01
9.9586e-01
5.6822e-01
5.4041e-01
4.4916e-01
5.4202e-01
6.9593e-01
7.8772e-01
5.3417e-01
7.1868e-01
5.3844e-01
5.6158e-01
7.5638e-01
9.1724e-01
8.9145e-01
9.1770e-01
6.5067e-01
6.7322e-01
6.9272e-01
9.1351e-01
6.3308e-01
7.4266e-01
6.9097e-01
6.4119e-01
5.4014e-01
7.4173e-01
9.1992e-01
5.7244e-01
8.6948e-01
6.7537e-01
9.2823e-01
7.0347e-01
5.5714e-01
5.7969e-01
5.7969e-01
6.6633e-01
8.9184e-01
