7.9933e-01
5.8841e-01
8.3231e-01
6.4810e-01
7.9984e-01
4.2817e-01
4.9941e-01
4.9563e-01
4.9775e-01
7.6495e-01
8.2057e-01
6.7292e-01
4.0026e-01
4.1605e-01
3.4174e-01
4.7580e-01
5.1501e-01
4.0427e-01
4.5926e-01
6.5054e-01
4.6984e-01
8.4063e-01
2.5525e-01
8.7966e-01
4.8421e-01
8.2889e-01
7.4317e-01
4.9563e-01
8.3765e-01
2.6307e-01
1.3572e-02
3.5610e-01
6.7704e-01
5.6096e-01
2.5615e-01
4.9396e-01
7.9090e-01
4.1272e-01
7.4274e-01
5.8921e-01
6.9257e-01
4.3809e-01
8.6412e-01
7.4234e-01
6.2607e-01
8.7494e-01
7.3745e-01
5.0145e-01
6.7531e-01
4.0202e-01
8.1035e-01
3.0552e-01
8.7060e-01
2.5446e-01
7.9090e-01
8.3765e-01
4.6351e-01
6.7704e-01
2.9914e-01
7.6495e-01
4.9017e-01
4.8111e-01
6.4220e-01
6.4220e-01
3.5160e-01
5.1145e-01
4.8941e-01
2.7650e-01
8.7324e-01
5.0145e-01
4.8111e-01
3.5074e-01
8.7978e-01
2.3091e-01
6.2320e-01
6.9881e-01
8.5323e-01
4.9775e-01
2.3091e-01
8.9035e-01
5.9415e-01
5.0921e-01
7.9984e-01
2.5525e-01
5.3464e-01
6.0531e-01
5.0921e-01
6.9152e-01
3.3964e-01
8.3231e-01
6.9152e-01
8.6284e-01
7.2889e-01
5.5008e-01
7.4310e-01
6.3642e-01
1.0222e-01
8.7335e-01
4.6651e-01
6.3909e-01
4.6846e-01
7.2740e-01
7.4333e-01
5.6699e-01
7.1768e-01
8.1035e-01
5.2377e-01
6.2750e-01
4.6651e-01
8.7324e-01
4.7030e-01
8.1660e-01
5.1090e-01
8.6330e-01
6.9398e-01
4.5254e-01
6.2499e-01
8.6558e-01
4.5285e-01
7.8528e-01
5.2707e-01
4.0427e-01
6.3405e-01
8.9085e-01
5.8921e-01
7.9994e-01
6.3909e-01
4.9926e-01
5.9168e-01
3.5610e-01
5.1501e-01
5.5774e-01
7.7255e-01
2.5002e-01
8.5359e-01
8.8000e-01
5.3464e-01
4.7580e-01
8.0469e-01
4.8860e-01
2.1205e-01
8.2080e-01
6.7027e-01
2.3223e-01
7.3514e-01
5.2377e-01
5.1090e-01
5.3793e-01
2.3730e-01
8.6558e-01
4.6846e-01
4.5285e-01
5.5774e-01
6.2525e-01
2.5615e-01
7.4499e-01
7.3726e-01
5.7731e-01
2.0270e-01
4.3802e-01
8.3891e-01
8.9198e-01
8.5359e-01
5.5081e-01
2.3690e-01
4.2153e-01
1.6488e-01
5.6450e-01
2.6307e-01
4.5488e-01
4.6731e-01
3.3984e-01
2.4697e-01
5.3793e-01
7.5114e-01
7.2222e-01
4.7030e-01
7.6425e-01
6.8582e-01
5.6699e-01
1.3572e-02
6.2499e-01
8.2514e-01
6.5054e-01
8.6370e-01
4.9926e-01
4.8941e-01
2.3690e-01
7.4234e-01
5.7515e-01
3.3474e-01
8.0469e-01
8.6123e-01
6.7292e-01
4.9325e-01
7.7255e-01
6.2750e-01
5.5008e-01
8.8000e-01
3.7481e-01
7.1768e-01
1.4471e-01
4.8156e-01
5.2707e-01
8.4848e-01
7.9984e-01
4.6351e-01
6.3642e-01
8.1612e-01
5.6004e-01
6.3108e-01
3.3984e-01
6.8540e-01
5.7515e-01
5.3131e-01
7.2222e-01
4.9941e-01
6.7027e-01
6.3405e-01
4.5607e-01
7.4014e-01
2.5002e-01
8.7060e-01
6.2485e-01
4.0026e-01
6.3108e-01
7.4310e-01
5.7112e-01
7.3745e-01
4.5542e-01
6.3314e-01
7.0130e-01
6.3314e-01
6.1645e-01
8.4063e-01
4.1272e-01
8.9085e-01
3.9004e-01
4.2817e-01
4.9017e-01
7.2762e-01
4.2096e-01
5.6096e-01
7.8702e-01
8.8239e-01
8.2057e-01
2.0270e-01
3.5074e-01
2.7650e-01
2.9914e-01
3.9004e-01
8.4393e-01
8.6960e-01
7.4333e-01
1.6161e-01
6.3659e-01
4.8421e-01
3.6056e-01
5.8109e-01
7.9984e-01
4.5607e-01
3.0552e-01
8.2080e-01
8.0458e-01
6.2607e-01
6.2525e-01
3.4174e-01
4.6449e-01
5.4765e-01
8.9022e-01
3.2884e-01
4.5542e-01
7.3514e-01
3.2884e-01
4.8156e-01
4.1605e-01
2.5446e-01
4.5766e-01
8.4848e-01
8.5435e-01
5.9415e-01
8.1612e-01
4.6731e-01
4.6449e-01
1.0222e-01
2.3223e-01
4.8860e-01
6.2320e-01
6.4810e-01
3.3474e-01
8.1660e-01
8.4992e-01
5.6004e-01
3.6056e-01
6.2485e-01
8.5435e-01
8.0458e-01
8.9022e-01
4.5106e-01
4.5766e-01
4.6984e-01
4.9325e-01
8.3315e-01
5.3131e-01
4.5254e-01
2.3730e-01
4.2153e-01
7.2740e-01
7.3726e-01
7.4499e-01
8.3891e-01
7.9933e-01
7.4014e-01
3.5287e-01
8.2889e-01
8.6284e-01
3.5160e-01
2.1205e-01
5.9168e-01
4.3809e-01
5.6450e-01
6.7531e-01
8.7335e-01
5.8109e-01
8.7606e-01
8.6960e-01
7.4274e-01
7.2484e-01
7.8702e-01
6.0050e-01
6.0050e-01
7.6425e-01
5.4765e-01
