1745693745525 7.148115634918213 0
1745693752968 7.063262224197388 1
1745693760376 7.377235651016235 2
1745693767915 7.244380712509155 3
1745693775596 7.276520490646362 4
1745693783130 7.498364448547363 5
1745693791009 7.453097343444824 6
1745693798346 7.300744533538818 7
1745693805850 7.466739654541016 8
1745693813467 7.579066038131714 9
1745693821041 7.533982515335083 10
1745693828844 7.761751413345337 11
1745693836603 7.717880964279175 12
1745693844270 7.627082586288452 13
1745693851874 7.563812255859375 14
1745693859470 7.552847385406494 15
1745693867390 7.6145920753479 16
1745693874970 7.540678262710571 17
1745693882593 7.583677768707275 18
1745693890055 7.422025203704834 19
1745693897526 7.428978681564331 20
1745693905242 7.674858570098877 21
1745693912849 7.563141822814941 22
1745693920548 7.656314849853516 23
1745693928121 7.530152320861816 24
