1745693745525 0.0 0
1745693752968 1.0 1
1745693760376 2.0 2
1745693767915 3.0 3
1745693775596 4.0 4
1745693783130 5.0 5
1745693791009 6.0 6
1745693798346 7.0 7
1745693805850 8.0 8
1745693813467 9.0 9
1745693821041 10.0 10
1745693828844 11.0 11
1745693836603 12.0 12
1745693844270 13.0 13
1745693851874 14.0 14
1745693859470 15.0 15
1745693867390 16.0 16
1745693874970 17.0 17
1745693882593 18.0 18
1745693890055 19.0 19
1745693897526 20.0 20
1745693905242 21.0 21
1745693912849 22.0 22
1745693920548 23.0 23
1745693928121 24.0 24
