1745693745525 0.028073471039533615 0
1745693752968 0.3022519648075104 1
1745693760376 7.788738250732422 2
1745693767915 47.73686218261719 3
1745693775596 86.81839752197266 4
1745693783130 78.18384552001953 5
1745693791009 90.23077392578125 6
1745693798346 103.35677337646484 7
1745693805850 88.78816223144531 8
1745693813467 87.07320404052734 9
1745693821041 93.15142822265625 10
1745693828844 100.78915405273438 11
1745693836603 97.8040542602539 12
1745693844270 93.406982421875 13
1745693851874 84.389404296875 14
1745693859470 76.6587142944336 15
1745693867390 83.11934661865234 16
1745693874970 84.83185577392578 17
1745693882593 82.99677276611328 18
1745693890055 80.59436798095703 19
1745693897526 98.63690948486328 20
1745693905242 88.36603546142578 21
1745693912849 85.99757385253906 22
1745693920548 81.5980453491211 23
1745693928121 77.71940612792969 24
