1745693745525 -0.020006025210022926 0
1745693752968 -0.008610179647803307 1
1745693760376 0.14668048918247223 2
1745693767915 0.4963708519935608 3
1745693775596 0.7662400007247925 4
1745693783130 0.7329318523406982 5
1745693791009 0.7417499423027039 6
1745693798346 0.7498512268066406 7
1745693805850 0.7258274555206299 8
1745693813467 0.7423012256622314 9
1745693821041 0.7422874569892883 10
1745693828844 0.7478058934211731 11
1745693836603 0.7388403415679932 12
1745693844270 0.7436220645904541 13
1745693851874 0.736251711845398 14
1745693859470 0.7520532608032227 15
1745693867390 0.7329369783401489 16
1745693874970 0.7401015758514404 17
1745693882593 0.7432877421379089 18
1745693890055 0.7463660836219788 19
1745693897526 0.7469881772994995 20
1745693905242 0.7419767379760742 21
1745693912849 0.7308733463287354 22
1745693920548 0.7561994194984436 23
1745693928121 0.7433274388313293 24
