1745693745525 40.30010986328125 0
1745693752968 40.284202575683594 1
1745693760376 39.91638946533203 2
1745693767915 37.15571594238281 3
1745693775596 36.16352081298828 4
1745693783130 34.80620574951172 5
1745693791009 33.51752471923828 6
1745693798346 32.99589538574219 7
1745693805850 35.565860748291016 8
1745693813467 31.631681442260742 9
1745693821041 29.970901489257812 10
1745693828844 31.889183044433594 11
1745693836603 30.557077407836914 12
1745693844270 30.966150283813477 13
1745693851874 31.900646209716797 14
1745693859470 31.52606201171875 15
1745693867390 33.5880012512207 16
1745693874970 29.313217163085938 17
1745693882593 30.415721893310547 18
1745693890055 32.66838455200195 19
1745693897526 30.52816390991211 20
1745693905242 32.57766342163086 21
1745693912849 26.865114212036133 22
1745693920548 30.25113868713379 23
1745693928121 28.17300796508789 24
