1745693745525 0.07366756349802017 0
1745693752968 0.022753018885850906 1
1745693760376 0.22000935673713684 2
1745693767915 0.2984923720359802 3
1745693775596 0.40767207741737366 4
1745693783130 0.4814417064189911 5
1745693791009 0.48651814460754395 6
1745693798346 0.5210375785827637 7
1745693805850 0.5117502212524414 8
1745693813467 0.510689377784729 9
1745693821041 0.5440606474876404 10
1745693828844 0.5348614454269409 11
1745693836603 0.5458288788795471 12
1745693844270 0.5602083206176758 13
1745693851874 0.5498254895210266 14
1745693859470 0.5615008473396301 15
1745693867390 0.5676990747451782 16
1745693874970 0.5747312307357788 17
1745693882593 0.5885425209999084 18
1745693890055 0.5855073928833008 19
1745693897526 0.5978493690490723 20
1745693905242 0.5795865058898926 21
1745693912849 0.572279155254364 22
1745693920548 0.5915339589118958 23
1745693928121 0.6095690131187439 24
