1745693745525 0.7418746948242188 0
1745693752968 0.741593599319458 1
1745693760376 0.741976261138916 2
1745693767915 0.7417852878570557 3
1745693775596 0.7401643991470337 4
1745693783130 0.7414458394050598 5
1745693791009 0.7418908476829529 6
1745693798346 0.7428085207939148 7
1745693805850 0.7417850494384766 8
1745693813467 0.7427325248718262 9
1745693821041 0.7413492202758789 10
1745693828844 0.7425121068954468 11
1745693836603 0.7423866987228394 12
1745693844270 0.7420578598976135 13
1745693851874 0.744028627872467 14
1745693859470 0.7412841320037842 15
1745693867390 0.7426477670669556 16
1745693874970 0.7418954968452454 17
1745693882593 0.7428098917007446 18
1745693890055 0.7421875596046448 19
1745693897526 0.7427899837493896 20
1745693905242 0.742080807685852 21
1745693912849 0.7435618042945862 22
1745693920548 0.7436271905899048 23
1745693928121 0.7423156499862671 24
