6.4716e-01
4.7179e-01
6.9137e-01
5.1721e-01
8.9034e-01
4.8111e-01
6.6358e-01
6.7626e-01
5.2485e-01
4.8896e-01
5.4775e-01
5.4872e-01
4.6934e-01
4.8038e-01
4.8981e-01
5.2536e-01
5.3415e-01
4.9454e-01
4.9329e-01
5.1277e-01
4.7981e-01
6.7326e-01
4.5586e-01
9.9597e-01
4.9946e-01
4.4674e-01
6.1142e-01
6.7626e-01
6.0728e-01
4.5851e-01
4.3114e-01
5.0417e-01
5.3682e-01
5.2859e-01
5.6202e-01
5.0704e-01
5.1053e-01
4.6820e-01
6.5388e-01
5.0485e-01
7.6416e-01
6.0030e-01
6.9949e-01
5.6660e-01
4.8551e-01
5.9578e-01
7.5805e-01
5.2093e-01
5.5048e-01
4.8740e-01
5.4421e-01
5.7412e-01
6.7516e-01
5.1237e-01
5.1053e-01
6.0728e-01
4.9177e-01
5.3682e-01
5.0152e-01
4.8896e-01
5.4429e-01
4.8546e-01
5.9245e-01
5.9245e-01
5.3449e-01
4.8077e-01
3.7284e-01
4.6892e-01
5.9200e-01
5.2093e-01
4.8546e-01
6.1183e-01
8.8305e-01
4.7492e-01
6.6587e-01
4.7830e-01
8.8918e-01
5.2485e-01
4.7492e-01
1.0191e+00
5.2407e-01
4.9085e-01
4.4704e-01
4.5586e-01
6.5432e-01
5.5155e-01
4.9085e-01
7.2774e-01
6.0438e-01
6.9137e-01
7.2774e-01
7.7623e-01
9.1930e-01
5.6957e-01
9.1394e-01
4.9440e-01
4.1071e-01
8.0329e-01
4.9023e-01
4.5651e-01
4.9093e-01
5.1094e-01
5.2740e-01
6.9846e-01
5.5874e-01
5.4421e-01
5.2340e-01
5.4377e-01
4.9023e-01
5.9200e-01
4.6787e-01
4.8286e-01
5.1352e-01
8.9174e-01
4.8391e-01
4.6852e-01
6.2225e-01
7.6021e-01
4.8462e-01
6.6004e-01
4.7686e-01
4.9454e-01
6.1374e-01
9.3492e-01
5.0485e-01
6.1356e-01
4.5651e-01
6.2792e-01
5.5266e-01
5.0417e-01
5.3415e-01
4.7389e-01
5.8476e-01
4.3287e-01
9.4062e-01
7.0765e-01
6.5432e-01
5.2536e-01
6.4825e-01
5.3386e-01
5.1339e-01
7.0291e-01
5.9759e-01
4.9401e-01
5.5430e-01
5.2340e-01
5.1352e-01
5.3035e-01
5.8648e-01
7.6021e-01
4.9093e-01
4.8462e-01
4.7389e-01
4.8624e-01
5.6202e-01
7.1726e-01
4.6185e-01
4.9185e-01
4.0703e-01
5.0049e-01
7.2532e-01
1.0084e+00
9.4062e-01
5.2922e-01
4.6103e-01
4.2914e-01
4.6468e-01
4.7321e-01
4.5851e-01
4.7558e-01
5.2040e-01
4.3669e-01
3.8204e-01
5.3035e-01
4.8489e-01
6.2051e-01
4.6787e-01
6.5706e-01
5.6890e-01
6.9846e-01
4.3114e-01
6.2225e-01
8.5313e-01
5.1277e-01
6.3367e-01
6.2792e-01
3.7284e-01
4.6103e-01
5.6660e-01
4.8404e-01
4.5128e-01
6.4825e-01
7.1207e-01
5.4872e-01
4.6791e-01
5.8476e-01
5.4377e-01
5.6957e-01
7.0765e-01
4.9707e-01
5.5874e-01
5.8501e-01
6.4443e-01
4.7686e-01
7.5232e-01
8.9034e-01
4.9177e-01
4.9440e-01
6.5262e-01
5.1762e-01
4.8197e-01
4.3669e-01
5.4755e-01
4.8404e-01
9.9310e-01
6.2051e-01
6.6358e-01
5.9759e-01
6.1374e-01
5.4933e-01
5.7305e-01
4.3287e-01
6.7516e-01
5.4786e-01
4.6934e-01
4.8197e-01
9.1394e-01
5.7154e-01
7.5805e-01
5.2992e-01
4.9208e-01
5.4373e-01
4.9208e-01
4.9453e-01
6.7326e-01
4.6820e-01
9.3492e-01
4.9095e-01
4.8111e-01
5.4429e-01
5.2295e-01
4.6262e-01
5.2859e-01
5.1401e-01
7.4680e-01
5.4775e-01
4.0703e-01
6.1183e-01
4.6892e-01
5.0152e-01
4.9095e-01
7.2188e-01
4.6913e-01
5.2740e-01
4.9199e-01
5.8577e-01
4.9946e-01
5.0984e-01
5.7813e-01
4.4704e-01
5.4933e-01
5.7412e-01
7.0291e-01
5.2344e-01
4.8551e-01
4.8624e-01
4.8981e-01
5.0009e-01
8.9414e-01
9.9060e-01
5.5324e-01
5.2992e-01
5.5430e-01
5.5324e-01
6.4443e-01
4.8038e-01
5.1237e-01
4.8185e-01
7.5232e-01
5.4247e-01
5.2407e-01
6.5262e-01
5.2040e-01
5.0009e-01
4.1071e-01
4.9401e-01
5.3386e-01
6.6587e-01
5.1721e-01
4.5128e-01
4.8286e-01
8.4494e-01
5.1762e-01
5.0984e-01
5.4786e-01
5.4247e-01
5.2344e-01
9.9060e-01
4.9211e-01
4.8185e-01
4.7981e-01
4.6791e-01
7.4341e-01
9.9310e-01
4.6852e-01
5.8648e-01
4.2914e-01
5.1094e-01
4.6185e-01
7.1726e-01
7.2532e-01
6.4716e-01
5.7305e-01
5.5956e-01
4.4674e-01
7.7623e-01
5.3449e-01
5.1339e-01
5.5266e-01
6.0030e-01
4.7321e-01
5.5048e-01
8.0329e-01
5.7813e-01
5.7062e-01
4.6913e-01
6.5388e-01
6.1412e-01
5.1401e-01
4.8172e-01
4.8172e-01
6.5706e-01
8.9414e-01
