8.9099e-01
5.9602e-01
8.8384e-01
7.7855e-01
9.0247e-01
7.3461e-01
8.6847e-01
8.6384e-01
6.7505e-01
8.8952e-01
8.9889e-01
3.9832e-01
5.6294e-01
8.6535e-01
6.6173e-01
8.0867e-01
7.3408e-01
7.6235e-01
7.8174e-01
7.6923e-01
6.6999e-01
9.0927e-01
6.3896e-01
9.0834e-01
8.2777e-01
9.0717e-01
8.8319e-01
8.6384e-01
8.9965e-01
6.7592e-01
6.4756e-01
8.3043e-01
8.6418e-01
8.6187e-01
7.6786e-01
7.3823e-01
8.6792e-01
6.4979e-01
8.5995e-01
8.2866e-01
8.9042e-01
8.2980e-01
9.1163e-01
8.7518e-01
8.1231e-01
9.1348e-01
8.5998e-01
8.2866e-01
7.9779e-01
6.3454e-01
7.3682e-01
7.9796e-01
9.1072e-01
7.8904e-01
8.6792e-01
8.9965e-01
6.9820e-01
8.6418e-01
7.3378e-01
8.8952e-01
7.6905e-01
7.0604e-01
8.8905e-01
8.8905e-01
8.6275e-01
8.3704e-01
7.5273e-01
7.1731e-01
9.0795e-01
8.2866e-01
7.0604e-01
8.8157e-01
9.1461e-01
7.6907e-01
8.9424e-01
6.3285e-01
9.1237e-01
6.7505e-01
7.6907e-01
9.2281e-01
7.7402e-01
8.0097e-01
7.8060e-01
6.3896e-01
4.1002e-01
8.5371e-01
8.0097e-01
8.5230e-01
8.6533e-01
8.8384e-01
8.5230e-01
9.1449e-01
9.0611e-01
8.1185e-01
8.9763e-01
8.2262e-01
4.5539e-01
9.0799e-01
8.1126e-01
7.6310e-01
7.3157e-01
7.9901e-01
8.4776e-01
7.7011e-01
8.3470e-01
7.3682e-01
8.7599e-01
8.7636e-01
8.1126e-01
9.0795e-01
7.9424e-01
8.5115e-01
7.4657e-01
9.1545e-01
8.4346e-01
7.2045e-01
8.6050e-01
8.4717e-01
8.1623e-01
8.9088e-01
7.7539e-01
7.6235e-01
8.8194e-01
9.2582e-01
8.2866e-01
8.7658e-01
7.6310e-01
8.6953e-01
7.2823e-01
8.3043e-01
7.3408e-01
7.6869e-01
9.0836e-01
5.0181e-01
9.0249e-01
8.6820e-01
4.1002e-01
8.0867e-01
9.0177e-01
8.5150e-01
5.7623e-01
8.4186e-01
8.0871e-01
6.6287e-01
9.0256e-01
8.7599e-01
7.4657e-01
6.6109e-01
8.5341e-01
8.4717e-01
7.3157e-01
8.1623e-01
7.6869e-01
8.0885e-01
7.6786e-01
8.9028e-01
9.0334e-01
7.9267e-01
4.8459e-01
7.4243e-01
8.8494e-01
9.2166e-01
9.0249e-01
5.8077e-01
7.0963e-01
7.4134e-01
6.4826e-01
7.2298e-01
6.7592e-01
5.5798e-01
7.2446e-01
5.8393e-01
8.0921e-01
6.6109e-01
8.5041e-01
7.3732e-01
7.9424e-01
9.0969e-01
8.4668e-01
7.7011e-01
6.4756e-01
8.6050e-01
9.1481e-01
7.6923e-01
8.8621e-01
8.6953e-01
7.5273e-01
7.0963e-01
8.7518e-01
8.0541e-01
6.6524e-01
9.0177e-01
9.0932e-01
3.9832e-01
7.0140e-01
9.0836e-01
8.7636e-01
8.1185e-01
8.6820e-01
8.3023e-01
8.3470e-01
8.4201e-01
5.5887e-01
7.7539e-01
9.1324e-01
9.0247e-01
6.9820e-01
8.2262e-01
8.9267e-01
6.4479e-01
8.0054e-01
5.8393e-01
8.5579e-01
8.0541e-01
8.1422e-01
7.3732e-01
8.6847e-01
8.0871e-01
8.8194e-01
8.6007e-01
9.1553e-01
5.0181e-01
9.1072e-01
8.2270e-01
5.6294e-01
8.0054e-01
8.9763e-01
8.6225e-01
8.5998e-01
8.2408e-01
8.1453e-01
8.2319e-01
8.1453e-01
6.7521e-01
9.0927e-01
6.4979e-01
9.2582e-01
7.8498e-01
7.3461e-01
7.6905e-01
8.7406e-01
6.2406e-01
8.6187e-01
8.0364e-01
9.2012e-01
8.9889e-01
4.8459e-01
8.8157e-01
7.1731e-01
7.3378e-01
7.8498e-01
9.1752e-01
8.8854e-01
8.4776e-01
7.1399e-01
8.3459e-01
8.2777e-01
8.0737e-01
8.0475e-01
7.8060e-01
8.6007e-01
7.9796e-01
8.4186e-01
8.1509e-01
8.1231e-01
8.0885e-01
6.6173e-01
7.2951e-01
8.8312e-01
9.2103e-01
8.6008e-01
8.2408e-01
9.0256e-01
8.6008e-01
5.5887e-01
8.6535e-01
7.8904e-01
7.3856e-01
9.1324e-01
9.1752e-01
7.7402e-01
8.9267e-01
7.2446e-01
7.2951e-01
4.5539e-01
6.6287e-01
8.5150e-01
8.9424e-01
7.7855e-01
6.6524e-01
8.5115e-01
9.1110e-01
6.4479e-01
8.0737e-01
8.2270e-01
9.1752e-01
8.1509e-01
9.2103e-01
8.6548e-01
7.3856e-01
6.6999e-01
7.0140e-01
9.2003e-01
8.1422e-01
7.2045e-01
8.5341e-01
7.4134e-01
7.9901e-01
9.0334e-01
8.9028e-01
8.8494e-01
8.9099e-01
9.1553e-01
8.4271e-01
9.0717e-01
9.1449e-01
8.6275e-01
5.7623e-01
7.2823e-01
8.2980e-01
7.2298e-01
7.9779e-01
9.0799e-01
8.0475e-01
9.0991e-01
8.8854e-01
8.5995e-01
8.5902e-01
8.0364e-01
8.1270e-01
8.1270e-01
9.0969e-01
8.8312e-01
