1745630535523 9.897078037261963 0
1745630545702 9.835236310958862 1
1745630555697 9.953175783157349 2
1745630565694 9.953489780426025 3
1745630575665 9.925195693969727 4
1745630585378 9.668338537216187 5
1745630595607 9.703294515609741 6
1745630606132 9.99244737625122 7
1745630616238 9.73550033569336 8
1745630626689 9.927067518234253 9
1745630637312 10.1100594997406 10
1745630647534 9.84204363822937 11
1745630657325 9.744682550430298 12
1745630667598 9.745893001556396 13
1745630676867 9.222818374633789 14
1745630686997 9.623759508132935 15
1745630696843 9.80246114730835 16
1745630706433 9.545460939407349 17
1745630716756 9.953855991363525 18
1745630726583 9.781386852264404 19
1745630736902 9.776816129684448 20
1745630747154 9.732870817184448 21
1745630756818 9.620280027389526 22
1745630766457 9.597455501556396 23
1745630776335 9.382230043411255 24
1745630786883 9.060925960540771 0
1745630796870 9.52491307258606 1
1745630806208 9.30250358581543 2
1745630815865 9.619056463241577 3
1745630825173 9.267183780670166 4
1745630834318 9.105020523071289 5
1745630844135 9.322508811950684 6
1745630854088 9.582849979400635 7
1745630863798 9.222041130065918 8
1745630873528 9.376448631286621 9
1745630882940 9.372857809066772 10
1745630893068 9.605956792831421 11
1745630902390 9.284955978393555 12
1745630911909 9.476662158966064 13
1745630921274 9.322152376174927 14
1745630931046 9.27118730545044 15
1745630940372 9.28626561164856 16
1745630950041 9.307775735855103 17
1745630959637 9.098469734191895 18
1745630969569 9.421130895614624 19
1745630978925 9.317996740341187 20
1745630988372 9.40746283531189 21
1745630997656 9.241633415222168 22
1745631007154 9.457453727722168 23
1745631016989 9.336386919021606 24
