1745630535523 0.0 0
1745630545702 1.0 1
1745630555697 2.0 2
1745630565694 3.0 3
1745630575665 4.0 4
1745630585378 5.0 5
1745630595607 6.0 6
1745630606132 7.0 7
1745630616238 8.0 8
1745630626689 9.0 9
1745630637312 10.0 10
1745630647534 11.0 11
1745630657325 12.0 12
1745630667598 13.0 13
1745630676867 14.0 14
1745630686997 15.0 15
1745630696843 16.0 16
1745630706433 17.0 17
1745630716756 18.0 18
1745630726583 19.0 19
1745630736902 20.0 20
1745630747154 21.0 21
1745630756818 22.0 22
1745630766457 23.0 23
1745630776335 24.0 24
1745630786883 0.0 0
1745630796870 1.0 1
1745630806208 2.0 2
1745630815865 3.0 3
1745630825173 4.0 4
1745630834318 5.0 5
1745630844135 6.0 6
1745630854088 7.0 7
1745630863798 8.0 8
1745630873528 9.0 9
1745630882940 10.0 10
1745630893068 11.0 11
1745630902390 12.0 12
1745630911909 13.0 13
1745630921274 14.0 14
1745630931046 15.0 15
1745630940372 16.0 16
1745630950041 17.0 17
1745630959637 18.0 18
1745630969569 19.0 19
1745630978925 20.0 20
1745630988372 21.0 21
1745630997656 22.0 22
1745631007154 23.0 23
1745631016989 24.0 24
