1745630535523 0.002505657495930791 0
1745630545702 0.007563726510852575 1
1745630555697 0.09570391476154327 2
1745630565694 0.2485525906085968 3
1745630575665 0.5450147986412048 4
1745630585378 0.9257267117500305 5
1745630595607 1.5922136306762695 6
1745630606132 2.7023797035217285 7
1745630616238 4.196223258972168 8
1745630626689 6.837698459625244 9
1745630637312 10.5214204788208 10
1745630647534 16.46757698059082 11
1745630657325 25.804288864135742 12
1745630667598 38.74906921386719 13
1745630676867 50.48716354370117 14
1745630686997 70.85050201416016 15
1745630696843 84.99878692626953 16
1745630706433 97.69070434570312 17
1745630716756 99.88801574707031 18
1745630726583 108.81865692138672 19
1745630736902 123.7376708984375 20
1745630747154 142.69129943847656 21
1745630756818 136.52906799316406 22
1745630766457 149.6788787841797 23
1745630776335 154.8121337890625 24
1745630786883 0.0017118051182478666 0
1745630796870 0.0017285712528973818 1
1745630806208 0.008052206598222256 2
1745630815865 0.05465954914689064 3
1745630825173 0.1903332769870758 4
1745630834318 0.41262808442115784 5
1745630844135 0.7997182011604309 6
1745630854088 1.8781204223632812 7
1745630863798 2.781794548034668 8
1745630873528 4.694133758544922 9
1745630882940 7.912055969238281 10
1745630893068 11.826553344726562 11
1745630902390 18.24139404296875 12
1745630911909 27.92003059387207 13
1745630921274 43.0225830078125 14
1745630931046 59.70699691772461 15
1745630940372 80.54212188720703 16
1745630950041 97.3434066772461 17
1745630959637 108.91638946533203 18
1745630969569 132.58563232421875 19
1745630978925 133.85269165039062 20
1745630988372 142.83175659179688 21
1745630997656 147.10372924804688 22
1745631007154 173.2483367919922 23
1745631016989 162.96250915527344 24
