1745630535523 -0.02834067866206169 0
1745630545702 -0.028190545737743378 1
1745630555697 -0.022886134684085846 2
1745630565694 -0.0025386670604348183 3
1745630575665 0.024772267788648605 4
1745630585378 0.05696927756071091 5
1745630595607 0.09320051968097687 6
1745630606132 0.13396713137626648 7
1745630616238 0.17913584411144257 8
1745630626689 0.2289247363805771 9
1745630637312 0.28252607583999634 10
1745630647534 0.33861520886421204 11
1745630657325 0.398723840713501 12
1745630667598 0.45824968814849854 13
1745630676867 0.5225066542625427 14
1745630686997 0.5828831791877747 15
1745630696843 0.6412652134895325 16
1745630706433 0.6870363354682922 17
1745630716756 0.7179093360900879 18
1745630726583 0.7275038957595825 19
1745630736902 0.7329160571098328 20
1745630747154 0.7367575168609619 21
1745630756818 0.7333806753158569 22
1745630766457 0.7370469570159912 23
1745630776335 0.7336472272872925 24
1745630786883 -0.057347532361745834 0
1745630796870 -0.05732222646474838 1
1745630806208 -0.05766832455992699 2
1745630815865 -0.058318380266427994 3
1745630825173 -0.05434218794107437 4
1745630834318 -0.032022763043642044 5
1745630844135 -0.0016792704118415713 6
1745630854088 0.03384986147284508 7
1745630863798 0.0737084373831749 8
1745630873528 0.11818823218345642 9
1745630882940 0.1665453165769577 10
1745630893068 0.21892279386520386 11
1745630902390 0.27421560883522034 12
1745630911909 0.3321656584739685 13
1745630921274 0.3929597735404968 14
1745630931046 0.4570845067501068 15
1745630940372 0.5227708220481873 16
1745630950041 0.5836062431335449 17
1745630959637 0.6387956738471985 18
1745630969569 0.6854376196861267 19
1745630978925 0.7137453556060791 20
1745630988372 0.7305421829223633 21
1745630997656 0.7364940643310547 22
1745631007154 0.7361341118812561 23
1745631016989 0.7374189496040344 24
