1745630535523 40.299949645996094 0
1745630545702 40.29994583129883 1
1745630555697 40.299930572509766 2
1745630565694 40.298912048339844 3
1745630575665 40.29618835449219 4
1745630585378 40.29732894897461 5
1745630595607 40.28293991088867 6
1745630606132 40.265262603759766 7
1745630616238 40.232906341552734 8
1745630626689 40.243282318115234 9
1745630637312 40.17341995239258 10
1745630647534 40.0032844543457 11
1745630657325 39.959041595458984 12
1745630667598 39.65707015991211 13
1745630676867 39.2014045715332 14
1745630686997 39.122398376464844 15
1745630696843 38.0991096496582 16
1745630706433 39.046546936035156 17
1745630716756 37.70648193359375 18
1745630726583 37.49470901489258 19
1745630736902 36.83430099487305 20
1745630747154 37.17763900756836 21
1745630756818 37.07422637939453 22
1745630766457 36.617679595947266 23
1745630776335 36.28614807128906 24
1745630786883 40.299949645996094 0
1745630796870 40.299949645996094 1
1745630806208 40.29994201660156 2
1745630815865 40.29978561401367 3
1745630825173 40.299190521240234 4
1745630834318 40.29515838623047 5
1745630844135 40.29118728637695 6
1745630854088 40.28974533081055 7
1745630863798 40.24985122680664 8
1745630873528 40.22677993774414 9
1745630882940 40.18700408935547 10
1745630893068 40.112144470214844 11
1745630902390 40.082950592041016 12
1745630911909 39.919551849365234 13
1745630921274 39.691566467285156 14
1745630931046 39.32779312133789 15
1745630940372 39.0286865234375 16
1745630950041 38.80033874511719 17
1745630959637 38.3619270324707 18
1745630969569 37.979244232177734 19
1745630978925 37.649322509765625 20
1745630988372 37.914756774902344 21
1745630997656 37.34071350097656 22
1745631007154 37.54447555541992 23
1745631016989 37.58099365234375 24
