1745630535523 -0.011677101254463196 0
1745630545702 0.00045476111699827015 1
1745630555697 0.04285717383027077 2
1745630565694 0.10019297897815704 3
1745630575665 0.2342478483915329 4
1745630585378 0.34015724062919617 5
1745630595607 0.3822616636753082 6
1745630606132 0.46231257915496826 7
1745630616238 0.49882107973098755 8
1745630626689 0.551612138748169 9
1745630637312 0.5533080101013184 10
1745630647534 0.5662176609039307 11
1745630657325 0.5529642105102539 12
1745630667598 0.555111825466156 13
1745630676867 0.5611460208892822 14
1745630686997 0.5993959903717041 15
1745630696843 0.5887170433998108 16
1745630706433 0.5916618704795837 17
1745630716756 0.6078826785087585 18
1745630726583 0.6018515825271606 19
1745630736902 0.6153656244277954 20
1745630747154 0.6248081922531128 21
1745630756818 0.6280111074447632 22
1745630766457 0.6169822216033936 23
1745630776335 0.6296002268791199 24
1745630786883 0.0024733308237046003 0
1745630796870 0.01924559660255909 1
1745630806208 0.030726000666618347 2
1745630815865 0.019469954073429108 3
1745630825173 0.033063046634197235 4
1745630834318 0.1217743381857872 5
1745630844135 0.20098058879375458 6
1745630854088 0.2863987684249878 7
1745630863798 0.3871136009693146 8
1745630873528 0.43428701162338257 9
1745630882940 0.4747152626514435 10
1745630893068 0.508056640625 11
1745630902390 0.5029897689819336 12
1745630911909 0.5236129760742188 13
1745630921274 0.5676944255828857 14
1745630931046 0.5639145970344543 15
1745630940372 0.5615019798278809 16
1745630950041 0.5716707110404968 17
1745630959637 0.5837483406066895 18
1745630969569 0.5648990273475647 19
1745630978925 0.600598931312561 20
1745630988372 0.592586874961853 21
1745630997656 0.601018488407135 22
1745631007154 0.6187899112701416 23
1745631016989 0.6126201748847961 24
