1745630535523 0.7431382536888123 0
1745630545702 0.7427899241447449 1
1745630555697 0.7431755065917969 2
1745630565694 0.7417770028114319 3
1745630575665 0.7413981556892395 4
1745630585378 0.7433583736419678 5
1745630595607 0.7435960173606873 6
1745630606132 0.7419567704200745 7
1745630616238 0.741154670715332 8
1745630626689 0.7417165637016296 9
1745630637312 0.7411707639694214 10
1745630647534 0.7416179180145264 11
1745630657325 0.7436124086380005 12
1745630667598 0.7423686981201172 13
1745630676867 0.7409530878067017 14
1745630686997 0.7413498163223267 15
1745630696843 0.7416423559188843 16
1745630706433 0.7417904138565063 17
1745630716756 0.7420133948326111 18
1745630726583 0.7413554787635803 19
1745630736902 0.7425990104675293 20
1745630747154 0.7411506175994873 21
1745630756818 0.7424216270446777 22
1745630766457 0.7408657073974609 23
1745630776335 0.7426145076751709 24
1745630786883 0.7424792051315308 0
1745630796870 0.7456798553466797 1
1745630806208 0.7444922924041748 2
1745630815865 0.743698000907898 3
1745630825173 0.7462400197982788 4
1745630834318 0.7438187599182129 5
1745630844135 0.7432938814163208 6
1745630854088 0.744522213935852 7
1745630863798 0.7445886731147766 8
1745630873528 0.742525577545166 9
1745630882940 0.7433613538742065 10
1745630893068 0.7439450621604919 11
1745630902390 0.7445950508117676 12
1745630911909 0.7429391145706177 13
1745630921274 0.7455745935440063 14
1745630931046 0.7435138821601868 15
1745630940372 0.742964506149292 16
1745630950041 0.7448603510856628 17
1745630959637 0.7454040050506592 18
1745630969569 0.7454742789268494 19
1745630978925 0.7454712390899658 20
1745630988372 0.744266152381897 21
1745630997656 0.7451619505882263 22
1745631007154 0.7442744374275208 23
1745631016989 0.7432639002799988 24
