9.1648e-01
7.6268e-01
9.0233e-01
8.1882e-01
9.1716e-01
5.6712e-01
8.6452e-01
7.6739e-01
6.6694e-01
9.2626e-01
9.1364e-01
7.5815e-01
5.7143e-01
5.7233e-01
5.2393e-01
7.4465e-01
8.1715e-01
6.1142e-01
5.5302e-01
5.8849e-01
6.1946e-01
9.3681e-01
3.9653e-01
9.3524e-01
7.0661e-01
4.3020e-01
8.5613e-01
7.6739e-01
9.1264e-01
5.6767e-01
-5.9936e-02
6.5589e-01
9.0794e-01
8.6698e-01
6.0219e-01
6.3627e-01
8.9809e-01
7.1323e-01
8.9983e-01
7.7598e-01
9.2183e-01
7.9794e-01
9.4428e-01
8.8546e-01
7.9227e-01
9.2329e-01
8.8856e-01
6.5310e-01
8.9636e-01
7.2083e-01
7.5634e-01
7.7104e-01
9.4969e-01
7.1726e-01
8.9809e-01
9.1264e-01
6.7700e-01
9.0794e-01
7.3165e-01
9.2626e-01
9.1571e-01
7.2821e-01
8.2363e-01
8.2363e-01
7.8424e-01
7.8953e-01
5.3540e-01
4.3770e-01
9.5015e-01
6.5310e-01
7.2821e-01
8.3581e-01
9.2312e-01
7.4537e-01
8.9847e-01
7.4093e-01
9.4352e-01
6.6694e-01
7.4537e-01
9.4903e-01
7.6100e-01
7.1912e-01
7.1658e-01
3.9653e-01
8.1888e-01
8.2884e-01
7.1912e-01
8.9929e-01
8.1064e-01
9.0233e-01
8.9929e-01
8.7847e-01
8.6790e-01
7.4745e-01
8.4710e-01
7.3114e-01
3.0534e-01
9.5186e-01
7.2470e-01
7.6755e-01
6.4735e-01
8.0787e-01
8.1551e-01
8.7465e-01
7.3154e-01
7.5634e-01
8.0807e-01
8.3999e-01
7.2470e-01
9.5015e-01
7.2284e-01
8.3301e-01
6.4554e-01
9.2683e-01
9.1185e-01
5.7974e-01
8.7480e-01
8.9105e-01
8.1512e-01
9.1399e-01
7.8322e-01
6.1142e-01
8.9773e-01
9.5071e-01
7.7598e-01
8.8037e-01
7.6755e-01
7.5019e-01
7.7402e-01
6.5589e-01
8.1715e-01
6.8057e-01
9.2720e-01
5.8447e-01
9.4398e-01
9.4959e-01
8.1888e-01
7.4465e-01
8.9127e-01
7.3848e-01
5.0001e-01
8.1305e-01
7.7669e-01
7.0109e-01
8.2986e-01
8.0807e-01
6.4554e-01
6.7887e-01
7.6340e-01
8.9105e-01
6.4735e-01
8.1512e-01
6.8057e-01
5.7525e-01
6.0219e-01
9.2355e-01
7.5272e-01
7.0005e-01
3.7705e-01
5.9215e-01
9.3330e-01
9.4107e-01
9.4398e-01
6.7979e-01
4.2027e-01
6.6047e-01
4.8884e-01
7.7047e-01
5.6767e-01
4.5340e-01
6.8585e-01
6.5040e-01
3.6981e-01
6.7887e-01
8.1876e-01
8.4792e-01
7.2284e-01
9.4361e-01
8.9430e-01
8.7465e-01
-5.9936e-02
8.7480e-01
9.3697e-01
5.8849e-01
9.0636e-01
7.5019e-01
5.3540e-01
4.2027e-01
8.8546e-01
7.9823e-01
7.5653e-01
8.9127e-01
9.3739e-01
7.5815e-01
6.4839e-01
9.2720e-01
8.3999e-01
7.4745e-01
9.4959e-01
6.2993e-01
7.3154e-01
7.0511e-01
7.7299e-01
7.8322e-01
9.4358e-01
9.1716e-01
6.7700e-01
7.3114e-01
8.6704e-01
8.3232e-01
8.2686e-01
6.5040e-01
8.6460e-01
7.9823e-01
7.1237e-01
8.4792e-01
8.6452e-01
7.7669e-01
8.9773e-01
9.3545e-01
9.1292e-01
5.8447e-01
9.4969e-01
7.6113e-01
5.7143e-01
8.2686e-01
8.4710e-01
7.7302e-01
8.8856e-01
7.2908e-01
8.8492e-01
7.9518e-01
8.8492e-01
7.6409e-01
9.3681e-01
7.1323e-01
9.5071e-01
7.7761e-01
5.6712e-01
9.1571e-01
8.8841e-01
6.5612e-01
8.6698e-01
8.5037e-01
9.5367e-01
9.1364e-01
3.7705e-01
8.3581e-01
4.3770e-01
7.3165e-01
7.7761e-01
9.2372e-01
9.0475e-01
8.1551e-01
8.3351e-01
8.9882e-01
7.0661e-01
8.2707e-01
6.8109e-01
7.1658e-01
9.3545e-01
7.7104e-01
8.1305e-01
8.3767e-01
7.9227e-01
5.7525e-01
5.2393e-01
7.1879e-01
8.7818e-01
9.5310e-01
5.9724e-01
7.2908e-01
8.2986e-01
5.9724e-01
7.7299e-01
5.7233e-01
7.1726e-01
6.3508e-01
9.4358e-01
8.0707e-01
7.6100e-01
8.6704e-01
6.8585e-01
7.1879e-01
3.0534e-01
7.0109e-01
7.3848e-01
8.9847e-01
8.1882e-01
7.5653e-01
8.3301e-01
9.4081e-01
8.3232e-01
8.2707e-01
7.6113e-01
8.0707e-01
8.3767e-01
9.5310e-01
7.5568e-01
6.3508e-01
6.1946e-01
6.4839e-01
9.2676e-01
7.1237e-01
5.7974e-01
7.6340e-01
6.6047e-01
8.0787e-01
7.5272e-01
9.2355e-01
9.3330e-01
9.1648e-01
9.1292e-01
7.7872e-01
4.3020e-01
8.7847e-01
7.8424e-01
5.0001e-01
7.7402e-01
7.9794e-01
7.7047e-01
8.9636e-01
9.5186e-01
6.8109e-01
9.0067e-01
9.0475e-01
8.9983e-01
8.5434e-01
8.5037e-01
7.9281e-01
7.9281e-01
9.4361e-01
8.7818e-01
