3.2165e-01
2.0714e-01
2.9494e-01
2.2928e-01
3.0290e-01
2.2866e-01
3.2178e-01
2.8169e-01
2.6579e-01
2.7742e-01
3.4598e-01
2.3483e-01
2.1333e-01
2.4674e-01
2.1437e-01
2.3583e-01
2.6890e-01
2.4316e-01
2.2742e-01
2.3592e-01
2.4723e-01
3.1347e-01
1.9475e-01
3.4255e-01
2.4378e-01
3.4070e-01
2.7450e-01
2.8169e-01
2.7516e-01
2.1150e-01
1.9207e-01
2.2393e-01
2.4329e-01
2.9424e-01
2.4346e-01
2.4277e-01
2.6709e-01
2.1081e-01
2.6407e-01
2.3605e-01
2.8076e-01
2.7946e-01
2.8496e-01
2.5670e-01
2.4283e-01
2.9141e-01
3.1170e-01
2.8267e-01
2.6603e-01
2.1186e-01
2.6811e-01
1.8909e-01
3.2836e-01
2.2617e-01
2.6709e-01
2.7516e-01
2.6229e-01
2.4329e-01
2.3931e-01
2.7742e-01
2.7320e-01
2.1646e-01
2.5355e-01
2.5355e-01
2.4128e-01
2.2326e-01
2.4292e-01
2.0105e-01
3.2082e-01
2.8267e-01
2.1646e-01
2.8773e-01
3.1059e-01
1.7282e-01
2.7702e-01
2.3411e-01
3.3755e-01
2.6579e-01
1.7282e-01
3.2940e-01
2.6054e-01
2.5645e-01
2.4489e-01
1.9475e-01
2.7437e-01
2.6867e-01
2.5645e-01
2.9804e-01
2.7870e-01
2.9494e-01
2.9804e-01
3.2860e-01
2.5320e-01
3.0330e-01
2.5277e-01
2.6457e-01
1.8402e-01
3.7437e-01
2.4884e-01
2.5778e-01
2.2809e-01
2.2275e-01
2.4184e-01
2.6461e-01
2.6101e-01
2.6811e-01
2.7842e-01
2.5131e-01
2.4884e-01
3.2082e-01
2.3114e-01
2.4234e-01
2.2758e-01
3.2464e-01
2.1047e-01
2.1452e-01
2.7988e-01
2.7914e-01
2.2171e-01
2.9859e-01
2.7438e-01
2.4316e-01
2.8090e-01
3.8495e-01
2.3605e-01
2.7232e-01
2.5778e-01
2.5291e-01
2.7652e-01
2.2393e-01
2.6890e-01
2.4856e-01
3.1728e-01
2.3322e-01
3.4371e-01
3.0410e-01
2.7437e-01
2.3583e-01
2.8914e-01
2.6463e-01
2.8198e-01
2.3910e-01
2.6354e-01
2.3016e-01
2.5925e-01
2.7842e-01
2.2758e-01
2.1718e-01
2.5325e-01
2.7914e-01
2.2809e-01
2.2171e-01
2.4856e-01
2.2656e-01
2.4346e-01
3.0525e-01
2.9186e-01
2.3566e-01
1.7958e-01
2.1615e-01
3.4039e-01
2.9039e-01
3.4371e-01
2.1805e-01
2.4041e-01
2.2492e-01
2.1398e-01
2.2129e-01
2.1150e-01
2.1376e-01
2.1689e-01
2.0139e-01
1.9206e-01
2.1718e-01
2.6262e-01
2.2230e-01
2.3114e-01
3.1577e-01
2.5966e-01
2.6461e-01
1.9207e-01
2.7988e-01
3.4315e-01
2.3592e-01
2.7501e-01
2.5291e-01
2.4292e-01
2.4041e-01
2.5670e-01
2.0806e-01
2.2113e-01
2.8914e-01
3.3182e-01
2.3483e-01
2.5653e-01
3.1728e-01
2.5131e-01
3.0330e-01
3.0410e-01
2.4521e-01
2.6101e-01
2.8014e-01
2.6326e-01
2.7438e-01
3.3300e-01
3.0290e-01
2.6229e-01
2.6457e-01
3.0039e-01
2.3637e-01
2.5115e-01
2.0139e-01
3.1095e-01
2.0806e-01
3.1360e-01
2.2230e-01
3.2178e-01
2.6354e-01
2.8090e-01
2.5642e-01
3.2395e-01
2.3322e-01
3.2836e-01
2.4122e-01
2.1333e-01
2.5115e-01
2.5277e-01
2.6179e-01
3.1170e-01
2.4368e-01
2.7099e-01
2.9266e-01
2.7099e-01
2.6808e-01
3.1347e-01
2.1081e-01
3.8495e-01
2.6256e-01
2.2866e-01
2.7320e-01
2.4955e-01
2.3745e-01
2.9424e-01
2.3463e-01
3.7411e-01
3.4598e-01
1.7958e-01
2.8773e-01
2.0105e-01
2.3931e-01
2.6256e-01
3.0495e-01
3.0522e-01
2.4184e-01
2.5911e-01
2.7258e-01
2.4378e-01
2.7144e-01
2.3120e-01
2.4489e-01
2.5642e-01
1.8909e-01
2.3910e-01
2.4773e-01
2.4283e-01
2.2656e-01
2.1437e-01
2.2665e-01
3.1244e-01
3.3755e-01
2.5266e-01
2.4368e-01
2.5925e-01
2.5266e-01
2.6326e-01
2.4674e-01
2.2617e-01
2.2950e-01
3.3300e-01
3.2998e-01
2.6054e-01
3.0039e-01
2.1689e-01
2.2665e-01
1.8402e-01
2.3016e-01
2.6463e-01
2.7702e-01
2.2928e-01
2.2113e-01
2.4234e-01
3.5563e-01
2.3637e-01
2.7144e-01
2.4122e-01
3.2998e-01
2.4773e-01
3.3755e-01
2.4594e-01
2.2950e-01
2.4723e-01
2.5653e-01
2.5762e-01
3.1360e-01
2.1452e-01
2.5325e-01
2.2492e-01
2.2275e-01
2.9186e-01
3.0525e-01
3.4039e-01
3.2165e-01
3.2395e-01
2.2849e-01
3.4070e-01
3.2860e-01
2.4128e-01
2.8198e-01
2.7652e-01
2.7946e-01
2.2129e-01
2.6603e-01
3.7437e-01
2.3120e-01
3.0042e-01
3.0522e-01
2.6407e-01
2.6762e-01
2.3463e-01
2.6897e-01
2.6897e-01
3.1577e-01
3.1244e-01
