9.6869e-01
6.3595e-01
9.7616e-01
7.0551e-01
1.0397e+00
6.6639e-01
9.2665e-01
1.0463e+00
8.1862e-01
9.2526e-01
1.0401e+00
9.0307e-01
5.8824e-01
6.2209e-01
6.7186e-01
8.6908e-01
8.0939e-01
6.7626e-01
6.0461e-01
8.2504e-01
6.6053e-01
1.0254e+00
5.7575e-01
1.0271e+00
7.0185e-01
9.4769e-01
9.7916e-01
1.0463e+00
8.3905e-01
5.2093e-01
6.2713e-01
7.6429e-01
9.2823e-01
8.7434e-01
7.7628e-01
6.4956e-01
8.9864e-01
6.0712e-01
1.0404e+00
7.8882e-01
9.9924e-01
7.7633e-01
1.0130e+00
8.3937e-01
7.9540e-01
1.0058e+00
1.0146e+00
7.8998e-01
9.7055e-01
7.5451e-01
9.7911e-01
6.9902e-01
1.0388e+00
8.9894e-01
8.9864e-01
8.3905e-01
7.0300e-01
9.2823e-01
7.3453e-01
9.2526e-01
9.2620e-01
6.5740e-01
9.7993e-01
9.7993e-01
1.0155e+00
6.3897e-01
5.3166e-01
6.3420e-01
9.5629e-01
7.8998e-01
6.5740e-01
9.3043e-01
1.0421e+00
5.5719e-01
1.0164e+00
7.4576e-01
1.0383e+00
8.1862e-01
5.5719e-01
1.0382e+00
7.7480e-01
7.9826e-01
6.5963e-01
5.7575e-01
1.0220e+00
9.1412e-01
7.9826e-01
9.6216e-01
1.0066e+00
9.7616e-01
9.6216e-01
9.2100e-01
9.7001e-01
1.0097e+00
9.0083e-01
7.9905e-01
4.3102e-01
1.0442e+00
9.2263e-01
8.6527e-01
6.2862e-01
7.8228e-01
8.5627e-01
7.8041e-01
7.9416e-01
9.7911e-01
9.8317e-01
7.2913e-01
9.2263e-01
9.5629e-01
6.0362e-01
7.8305e-01
7.3337e-01
1.0290e+00
8.8892e-01
6.2600e-01
9.5927e-01
9.9980e-01
7.5065e-01
9.9429e-01
6.9703e-01
6.7626e-01
8.2000e-01
1.0420e+00
7.8882e-01
1.0075e+00
8.6527e-01
6.9788e-01
9.8622e-01
7.6429e-01
8.0939e-01
7.6709e-01
9.9305e-01
4.6511e-01
1.0374e+00
1.0407e+00
1.0220e+00
8.6908e-01
9.7455e-01
8.7046e-01
1.0189e+00
9.2643e-01
8.2592e-01
7.3030e-01
9.1581e-01
9.8317e-01
7.3337e-01
7.7429e-01
1.0276e+00
9.9980e-01
6.2862e-01
7.5065e-01
7.6709e-01
7.9603e-01
7.7628e-01
9.5986e-01
6.9221e-01
8.2508e-01
4.5115e-01
6.2120e-01
1.0138e+00
1.0455e+00
1.0374e+00
6.0967e-01
6.6798e-01
6.2093e-01
5.9589e-01
6.0613e-01
5.2093e-01
6.2360e-01
6.9000e-01
6.2336e-01
4.7982e-01
7.7429e-01
9.2501e-01
7.6019e-01
6.0362e-01
1.0064e+00
8.7531e-01
7.8041e-01
6.2713e-01
9.5927e-01
1.0169e+00
8.2504e-01
7.5364e-01
6.9788e-01
5.3166e-01
6.6798e-01
8.3937e-01
7.6775e-01
5.6393e-01
9.7455e-01
1.0263e+00
9.0307e-01
7.9400e-01
9.9305e-01
7.2913e-01
1.0097e+00
1.0407e+00
9.2048e-01
7.9416e-01
7.9193e-01
6.7250e-01
6.9703e-01
9.5970e-01
1.0397e+00
7.0300e-01
7.9905e-01
9.5489e-01
8.0423e-01
8.2203e-01
6.2336e-01
9.8636e-01
7.6775e-01
1.0422e+00
7.6019e-01
9.2665e-01
8.2592e-01
8.2000e-01
1.0297e+00
1.0187e+00
4.6511e-01
1.0388e+00
8.8888e-01
5.8824e-01
8.2203e-01
9.0083e-01
8.7785e-01
1.0146e+00
1.0020e+00
7.8877e-01
9.3136e-01
7.8877e-01
8.8882e-01
1.0254e+00
6.0712e-01
1.0420e+00
7.8994e-01
6.6639e-01
9.2620e-01
9.8243e-01
5.5934e-01
8.7434e-01
8.5956e-01
1.0456e+00
1.0401e+00
4.5115e-01
9.3043e-01
6.3420e-01
7.3453e-01
7.8994e-01
1.0104e+00
1.0212e+00
8.5627e-01
7.7046e-01
9.9851e-01
7.0185e-01
8.5529e-01
7.5655e-01
6.5963e-01
1.0297e+00
6.9902e-01
9.2643e-01
9.6225e-01
7.9540e-01
7.9603e-01
6.7186e-01
6.5798e-01
1.0133e+00
1.0459e+00
8.9688e-01
1.0020e+00
9.1581e-01
8.9688e-01
6.7250e-01
6.2209e-01
8.9894e-01
6.7414e-01
9.5970e-01
9.4340e-01
7.7480e-01
9.5489e-01
6.9000e-01
6.5798e-01
4.3102e-01
7.3030e-01
8.7046e-01
1.0164e+00
7.0551e-01
5.6393e-01
7.8305e-01
1.0434e+00
8.0423e-01
8.5529e-01
8.8888e-01
9.4340e-01
9.6225e-01
1.0459e+00
7.1197e-01
6.7414e-01
6.6053e-01
7.9400e-01
9.7227e-01
1.0422e+00
6.2600e-01
1.0276e+00
6.2093e-01
7.8228e-01
6.9221e-01
9.5986e-01
1.0138e+00
9.6869e-01
1.0187e+00
8.4065e-01
9.4769e-01
9.2100e-01
1.0155e+00
1.0189e+00
9.8622e-01
7.7633e-01
6.0613e-01
9.7055e-01
1.0442e+00
7.5655e-01
1.0299e+00
1.0212e+00
1.0404e+00
8.8752e-01
8.5956e-01
9.1953e-01
9.1953e-01
1.0064e+00
1.0133e+00
