1745683180221 7.608018636703491 0
1745683188776 8.060144186019897 1
1745683196702 7.885673999786377 2
1745683204576 7.829463243484497 3
1745683212787 8.16206979751587 4
1745683220951 8.115716218948364 5
1745683229233 8.229444980621338 6
1745683237434 8.149279356002808 7
1745683245632 8.14688777923584 8
1745683253879 8.193098306655884 9
1745683262048 8.111748456954956 10
1745683269978 7.8772008419036865 11
1745683278105 8.07605504989624 12
1745683286264 8.103753328323364 13
1745683294510 8.19181513786316 14
1745683302543 7.976872444152832 15
1745683310826 8.224739074707031 16
1745683319086 8.2037034034729 17
1745683327394 8.250268459320068 18
1745683335639 8.187743186950684 19
1745683343834 8.135988712310791 20
1745683352106 8.215556144714355 21
1745683360360 8.195406436920166 22
1745683368635 8.217780590057373 23
1745683376891 8.198459148406982 24
