1745683180221 0.0 0
1745683188776 1.0 1
1745683196702 2.0 2
1745683204576 3.0 3
1745683212787 4.0 4
1745683220951 5.0 5
1745683229233 6.0 6
1745683237434 7.0 7
1745683245632 8.0 8
1745683253879 9.0 9
1745683262048 10.0 10
1745683269978 11.0 11
1745683278105 12.0 12
1745683286264 13.0 13
1745683294510 14.0 14
1745683302543 15.0 15
1745683310826 16.0 16
1745683319086 17.0 17
1745683327394 18.0 18
1745683335639 19.0 19
1745683343834 20.0 20
1745683352106 21.0 21
1745683360360 22.0 22
1745683368635 23.0 23
1745683376891 24.0 24
