1745683180221 0.0002620364830363542 0
1745683188776 0.000257263018283993 1
1745683196702 0.000254929531365633 2
1745683204576 0.0002494599611964077 3
1745683212787 0.00029460462974384427 4
1745683220951 0.00032592774368822575 5
1745683229233 0.0003648906422313303 6
1745683237434 0.00040606484981253743 7
1745683245632 0.00043625160469673574 8
1745683253879 0.000532546837348491 9
1745683262048 0.0008386977715417743 10
1745683269978 0.002653856063261628 11
1745683278105 0.0650375708937645 12
1745683286264 0.18408264219760895 13
1745683294510 0.5759900808334351 14
1745683302543 1.21180260181427 15
1745683310826 2.366549015045166 16
1745683319086 4.025099277496338 17
1745683327394 7.1123762130737305 18
1745683335639 11.9542236328125 19
1745683343834 19.35000228881836 20
1745683352106 29.89703941345215 21
1745683360360 41.875404357910156 22
1745683368635 48.981903076171875 23
1745683376891 49.14118194580078 24
