1745683180221 0.06279728561639786 0
1745683188776 0.06295773386955261 1
1745683196702 0.06271461397409439 2
1745683204576 0.06258268654346466 3
1745683212787 0.06313599646091461 4
1745683220951 0.0633656457066536 5
1745683229233 0.06392252445220947 6
1745683237434 0.06459534913301468 7
1745683245632 0.06566092371940613 8
1745683253879 0.06585660576820374 9
1745683262048 0.0659366026520729 10
1745683269978 0.06582442671060562 11
1745683278105 0.0705292820930481 12
1745683286264 0.0957474559545517 13
1745683294510 0.1293751448392868 14
1745683302543 0.16977261006832123 15
1745683310826 0.21639123558998108 16
1745683319086 0.2663668394088745 17
1745683327394 0.32130029797554016 18
1745683335639 0.380193293094635 19
1745683343834 0.44149988889694214 20
1745683352106 0.5046611428260803 21
1745683360360 0.571384847164154 22
1745683368635 0.6299692988395691 23
1745683376891 0.6846004724502563 24
