1745683180221 7.550006866455078 0
1745683188776 7.550006866455078 1
1745683196702 7.550006866455078 2
1745683204576 7.550006866455078 3
1745683212787 7.550006866455078 4
1745683220951 7.550006866455078 5
1745683229233 7.550006866455078 6
1745683237434 7.550006866455078 7
1745683245632 7.550006866455078 8
1745683253879 7.550006866455078 9
1745683262048 7.550006866455078 10
1745683269978 7.5500054359436035 11
1745683278105 7.549912929534912 12
1745683286264 7.549801349639893 13
1745683294510 7.545254230499268 14
1745683302543 7.5424885749816895 15
1745683310826 7.530273914337158 16
1745683319086 7.513996124267578 17
1745683327394 7.502967357635498 18
1745683335639 7.475235462188721 19
1745683343834 7.414785385131836 20
1745683352106 7.2499589920043945 21
1745683360360 7.147456645965576 22
1745683368635 7.019333839416504 23
1745683376891 6.942220687866211 24
