1745683180221 -0.027902452275156975 0
1745683188776 0.011519312858581543 1
1745683196702 0.013671904802322388 2
1745683204576 -0.004888924304395914 3
1745683212787 -0.04897066578269005 4
1745683220951 0.053463179618120193 5
1745683229233 0.0017794364830479026 6
1745683237434 -0.03129369020462036 7
1745683245632 -0.009097812697291374 8
1745683253879 0.020334405824542046 9
1745683262048 0.009560986422002316 10
1745683269978 0.01016614306718111 11
1745683278105 0.05024336278438568 12
1745683286264 0.0960090383887291 13
1745683294510 0.12812656164169312 14
1745683302543 0.2582229673862457 15
1745683310826 0.36036527156829834 16
1745683319086 0.42888855934143066 17
1745683327394 0.5015628337860107 18
1745683335639 0.491024374961853 19
1745683343834 0.5121358633041382 20
1745683352106 0.553238570690155 21
1745683360360 0.5427976846694946 22
1745683368635 0.560306966304779 23
1745683376891 0.5785660147666931 24
