1745683180221 0.7470210790634155 0
1745683188776 0.7465962767601013 1
1745683196702 0.7463852167129517 2
1745683204576 0.7482503652572632 3
1745683212787 0.7473325133323669 4
1745683220951 0.7469348311424255 5
1745683229233 0.7460169792175293 6
1745683237434 0.7479321956634521 7
1745683245632 0.7468774318695068 8
1745683253879 0.7467509508132935 9
1745683262048 0.7455623745918274 10
1745683269978 0.7464717626571655 11
1745683278105 0.7488750219345093 12
1745683286264 0.7468135952949524 13
1745683294510 0.7459837198257446 14
1745683302543 0.7492539882659912 15
1745683310826 0.747016429901123 16
1745683319086 0.7475565075874329 17
1745683327394 0.7480798959732056 18
1745683335639 0.7477027773857117 19
1745683343834 0.7471375465393066 20
1745683352106 0.7470970153808594 21
1745683360360 0.747273325920105 22
1745683368635 0.7464156746864319 23
1745683376891 0.7475827932357788 24
