1745680165100 7.211676359176636 0
1745680172700 7.176527261734009 1
1745680180051 7.308760643005371 2
1745680187470 7.383556127548218 3
1745680194938 7.431935548782349 4
1745680202271 7.295732736587524 5
1745680209574 7.266634941101074 6
1745680216967 7.355600118637085 7
1745680224427 7.421888589859009 8
1745680231864 7.397063970565796 9
1745680239253 7.349838972091675 10
1745680246632 7.336611747741699 11
1745680253820 7.146517515182495 12
1745680261161 7.302501916885376 13
1745680268449 7.247051477432251 14
1745680275934 7.43986177444458 15
1745680283361 7.386321306228638 16
1745680290692 7.288617849349976 17
1745680298064 7.330431699752808 18
1745680305510 7.404812574386597 19
1745680312848 7.2955615520477295 20
1745680320222 7.3318541049957275 21
1745680327575 7.311934471130371 22
1745680334923 7.305088758468628 23
1745680342324 7.359126091003418 24
