1745680165100 0.0 0
1745680172700 1.0 1
1745680180051 2.0 2
1745680187470 3.0 3
1745680194938 4.0 4
1745680202271 5.0 5
1745680209574 6.0 6
1745680216967 7.0 7
1745680224427 8.0 8
1745680231864 9.0 9
1745680239253 10.0 10
1745680246632 11.0 11
1745680253820 12.0 12
1745680261161 13.0 13
1745680268449 14.0 14
1745680275934 15.0 15
1745680283361 16.0 16
1745680290692 17.0 17
1745680298064 18.0 18
1745680305510 19.0 19
1745680312848 20.0 20
1745680320222 21.0 21
1745680327575 22.0 22
1745680334923 23.0 23
1745680342324 24.0 24
