1745680165100 0.0008282901253551245 0
1745680172700 0.0009689410799182951 1
1745680180051 0.001349852536804974 2
1745680187470 0.001787584158591926 3
1745680194938 0.002686481922864914 4
1745680202271 0.004578001331537962 5
1745680209574 0.018061866983771324 6
1745680216967 0.07609940320253372 7
1745680224427 0.17960530519485474 8
1745680231864 0.44533267617225647 9
1745680239253 0.9304998517036438 10
1745680246632 1.825036644935608 11
1745680253820 3.2693252563476562 12
1745680261161 5.321441650390625 13
1745680268449 9.226760864257812 14
1745680275934 15.455543518066406 15
1745680283361 23.209571838378906 16
1745680290692 37.04170227050781 17
1745680298064 54.273460388183594 18
1745680305510 64.94012451171875 19
1745680312848 72.74752807617188 20
1745680320222 81.90240478515625 21
1745680327575 129.13401794433594 22
1745680334923 109.44392395019531 23
1745680342324 125.1210708618164 24
