1745680165100 0.05767807736992836 0
1745680172700 0.05729895085096359 1
1745680180051 0.05700547620654106 2
1745680187470 0.05671124905347824 3
1745680194938 0.05694889277219772 4
1745680202271 0.05763377994298935 5
1745680209574 0.058150820434093475 6
1745680216967 0.05827191099524498 7
1745680224427 0.06785459071397781 8
1745680231864 0.09549808502197266 9
1745680239253 0.1302993893623352 10
1745680246632 0.17000006139278412 11
1745680253820 0.21272672712802887 12
1745680261161 0.2595129609107971 13
1745680268449 0.31043243408203125 14
1745680275934 0.3654097616672516 15
1745680283361 0.423486590385437 16
1745680290692 0.4834885597229004 17
1745680298064 0.5451514720916748 18
1745680305510 0.6059382557868958 19
1745680312848 0.659688413143158 20
1745680320222 0.7031552195549011 21
1745680327575 0.725718080997467 22
1745680334923 0.7346807718276978 23
1745680342324 0.7388239502906799 24
