1745680165100 40.299949645996094 0
1745680172700 40.299949645996094 1
1745680180051 40.299949645996094 2
1745680187470 40.299949645996094 3
1745680194938 40.299949645996094 4
1745680202271 40.299949645996094 5
1745680209574 40.299922943115234 6
1745680216967 40.299800872802734 7
1745680224427 40.29829025268555 8
1745680231864 40.29635238647461 9
1745680239253 40.2858772277832 10
1745680246632 40.26938247680664 11
1745680253820 40.24860382080078 12
1745680261161 40.20874786376953 13
1745680268449 40.14287567138672 14
1745680275934 40.00191116333008 15
1745680283361 39.920005798339844 16
1745680290692 39.85668182373047 17
1745680298064 39.47445297241211 18
1745680305510 39.415225982666016 19
1745680312848 38.19660949707031 20
1745680320222 38.56969451904297 21
1745680327575 37.901851654052734 22
1745680334923 38.068260192871094 23
1745680342324 37.70463180541992 24
