1745680165100 0.03436359763145447 0
1745680172700 0.04696369916200638 1
1745680180051 -0.0025768443010747433 2
1745680187470 0.04381221532821655 3
1745680194938 -0.06380249559879303 4
1745680202271 -0.012807895429432392 5
1745680209574 -0.04432646930217743 6
1745680216967 -0.0033032146748155355 7
1745680224427 0.024408584460616112 8
1745680231864 0.13934177160263062 9
1745680239253 0.1666220873594284 10
1745680246632 0.29045531153678894 11
1745680253820 0.38378286361694336 12
1745680261161 0.4342788755893707 13
1745680268449 0.5034117698669434 14
1745680275934 0.5224322080612183 15
1745680283361 0.5405804514884949 16
1745680290692 0.5611728429794312 17
1745680298064 0.5774552226066589 18
1745680305510 0.527336597442627 19
1745680312848 0.5624743700027466 20
1745680320222 0.5767171382904053 21
1745680327575 0.5796459317207336 22
1745680334923 0.6055481433868408 23
1745680342324 0.615903377532959 24
