1745680165100 0.7442641854286194 0
1745680172700 0.745123028755188 1
1745680180051 0.7461896538734436 2
1745680187470 0.7453277111053467 3
1745680194938 0.7438304424285889 4
1745680202271 0.7446286082267761 5
1745680209574 0.7440463304519653 6
1745680216967 0.7460201382637024 7
1745680224427 0.7467378973960876 8
1745680231864 0.7465324401855469 9
1745680239253 0.7451082468032837 10
1745680246632 0.7451445460319519 11
1745680253820 0.7464943528175354 12
1745680261161 0.7442055344581604 13
1745680268449 0.7457759380340576 14
1745680275934 0.746961236000061 15
1745680283361 0.7460675239562988 16
1745680290692 0.7450481057167053 17
1745680298064 0.745764970779419 18
1745680305510 0.7452090978622437 19
1745680312848 0.7443248629570007 20
1745680320222 0.7468188405036926 21
1745680327575 0.7449222207069397 22
1745680334923 0.7468196153640747 23
1745680342324 0.7457945346832275 24
