8.7201e-01
8.1289e-01
8.7578e-01
8.3874e-01
8.8098e-01
7.2341e-01
8.8272e-01
8.5659e-01
8.0176e-01
8.6953e-01
8.8911e-01
8.3468e-01
7.2901e-01
7.8625e-01
7.0392e-01
8.1848e-01
8.5437e-01
7.6751e-01
7.4909e-01
8.1891e-01
7.2628e-01
8.7504e-01
5.7898e-01
8.8716e-01
7.7491e-01
8.7288e-01
8.5904e-01
8.5659e-01
8.7461e-01
7.9045e-01
2.0546e-02
7.7291e-01
8.6554e-01
8.6152e-01
7.0783e-01
6.0424e-01
8.4891e-01
6.6734e-01
8.3131e-01
7.7689e-01
8.5301e-01
7.2673e-01
8.7419e-01
8.3189e-01
8.1644e-01
8.6865e-01
8.7046e-01
7.5879e-01
8.5569e-01
7.6217e-01
8.1214e-01
7.7893e-01
8.7883e-01
8.0552e-01
8.4891e-01
8.7461e-01
7.4829e-01
8.6554e-01
7.7369e-01
8.6953e-01
8.7493e-01
7.8999e-01
5.0456e-01
5.0456e-01
8.5654e-01
7.5754e-01
8.5270e-01
5.7287e-01
8.7628e-01
7.5879e-01
7.8999e-01
7.9812e-01
8.8131e-01
7.0127e-01
8.4067e-01
7.5173e-01
8.8376e-01
8.0176e-01
7.0127e-01
8.8977e-01
7.9614e-01
8.1485e-01
8.2092e-01
5.7898e-01
8.6404e-01
8.5125e-01
8.1485e-01
8.7773e-01
8.4715e-01
8.7578e-01
8.7773e-01
8.8154e-01
8.5545e-01
8.5646e-01
8.7339e-01
8.2338e-01
5.3702e-01
8.8358e-01
8.3449e-01
8.4235e-01
8.1622e-01
8.5221e-01
8.6286e-01
8.1589e-01
8.2590e-01
8.1214e-01
8.0959e-01
8.0782e-01
8.3449e-01
8.7628e-01
8.1360e-01
8.1003e-01
7.6413e-01
8.7584e-01
8.3897e-01
5.6833e-01
8.6274e-01
8.0341e-01
8.2247e-01
8.5795e-01
8.0302e-01
7.6751e-01
8.5206e-01
8.9258e-01
7.7689e-01
8.7968e-01
8.4235e-01
8.2824e-01
8.2718e-01
7.7291e-01
8.5437e-01
7.7376e-01
8.8348e-01
6.1223e-01
8.7951e-01
8.9262e-01
8.6404e-01
8.1848e-01
8.5179e-01
8.6045e-01
7.9101e-01
8.4191e-01
7.7162e-01
7.3824e-01
8.3966e-01
8.0959e-01
7.6413e-01
7.5406e-01
8.2312e-01
8.0341e-01
8.1622e-01
8.2247e-01
7.7376e-01
8.2997e-01
7.0783e-01
8.8644e-01
8.4249e-01
7.8623e-01
3.1246e-01
7.7674e-01
8.8486e-01
7.9974e-01
8.7951e-01
8.0412e-01
5.2833e-01
7.2243e-01
6.9708e-01
6.9709e-01
7.9045e-01
7.5056e-01
7.6362e-01
3.9455e-01
1.7505e-01
7.5406e-01
8.0980e-01
5.7599e-01
8.1360e-01
8.4609e-01
8.7723e-01
8.1589e-01
2.0546e-02
8.6274e-01
8.7978e-01
8.1891e-01
8.8801e-01
8.2824e-01
8.5270e-01
5.2833e-01
8.3189e-01
8.0046e-01
7.1457e-01
8.5179e-01
8.8778e-01
8.3468e-01
8.0875e-01
8.8348e-01
8.0782e-01
8.5646e-01
8.9262e-01
7.3163e-01
8.2590e-01
8.2552e-01
8.6425e-01
8.0302e-01
8.8465e-01
8.8098e-01
7.4829e-01
8.2338e-01
8.4738e-01
7.6297e-01
8.3389e-01
3.9455e-01
8.4757e-01
8.0046e-01
7.8561e-01
5.7599e-01
8.8272e-01
7.7162e-01
8.5206e-01
8.2617e-01
8.7665e-01
6.1223e-01
8.7883e-01
8.4685e-01
7.2901e-01
8.3389e-01
8.7339e-01
8.5109e-01
8.7046e-01
8.2619e-01
7.5315e-01
8.4880e-01
7.5315e-01
7.8257e-01
8.7504e-01
6.6734e-01
8.9258e-01
8.3754e-01
7.2341e-01
8.7493e-01
8.6334e-01
5.7696e-01
8.6152e-01
8.4941e-01
8.8827e-01
8.8911e-01
3.1246e-01
7.9812e-01
5.7287e-01
7.7369e-01
8.3754e-01
8.7130e-01
8.7324e-01
8.6286e-01
8.4674e-01
8.3097e-01
7.7491e-01
8.6321e-01
6.5283e-01
8.2092e-01
8.2617e-01
7.7893e-01
8.4191e-01
8.4648e-01
8.1644e-01
8.2997e-01
7.0392e-01
6.9916e-01
8.9313e-01
8.8538e-01
8.0492e-01
8.2619e-01
8.3966e-01
8.0492e-01
8.6425e-01
7.8625e-01
8.0552e-01
7.2819e-01
8.8465e-01
8.7699e-01
7.9614e-01
8.4738e-01
7.6362e-01
6.9916e-01
5.3702e-01
7.3824e-01
8.6045e-01
8.4067e-01
8.3874e-01
7.1457e-01
8.1003e-01
8.8846e-01
7.6297e-01
8.6321e-01
8.4685e-01
8.7699e-01
8.4648e-01
8.8538e-01
8.1885e-01
7.2819e-01
7.2628e-01
8.0875e-01
8.8523e-01
7.8561e-01
5.6833e-01
8.2312e-01
7.2243e-01
8.5221e-01
8.4249e-01
8.8644e-01
8.8486e-01
8.7201e-01
8.7665e-01
8.4668e-01
8.7288e-01
8.8154e-01
8.5654e-01
7.9101e-01
8.2718e-01
7.2673e-01
6.9709e-01
8.5569e-01
8.8358e-01
6.5283e-01
8.8203e-01
8.7324e-01
8.3131e-01
8.6637e-01
8.4941e-01
8.2378e-01
8.2378e-01
8.4609e-01
8.9313e-01
