6.2561e-01
5.1737e-01
6.1207e-01
5.9764e-01
6.2544e-01
5.3736e-01
5.9800e-01
6.0487e-01
5.8289e-01
6.2053e-01
6.1743e-01
5.3671e-01
5.3429e-01
5.7382e-01
4.4223e-01
5.9616e-01
5.9715e-01
5.4828e-01
5.7160e-01
5.9223e-01
5.0684e-01
6.2556e-01
4.5194e-01
6.3144e-01
5.6602e-01
6.1803e-01
6.0527e-01
6.0487e-01
6.0727e-01
5.2718e-01
1.8452e-01
5.4942e-01
6.2455e-01
5.7089e-01
4.6704e-01
5.5515e-01
6.1399e-01
5.4100e-01
5.9703e-01
5.7387e-01
6.1839e-01
5.9776e-01
6.2455e-01
5.8369e-01
6.0166e-01
5.8184e-01
6.2007e-01
5.8003e-01
6.2496e-01
5.6646e-01
5.9911e-01
5.6782e-01
6.3439e-01
5.5301e-01
6.1399e-01
6.0727e-01
5.7439e-01
6.2455e-01
5.6052e-01
6.2053e-01
6.1684e-01
5.3920e-01
6.1238e-01
6.1238e-01
5.6214e-01
5.0814e-01
5.9363e-01
5.5348e-01
6.2406e-01
5.8003e-01
5.3920e-01
6.1326e-01
6.3052e-01
5.1359e-01
6.0370e-01
5.5826e-01
6.2440e-01
5.8289e-01
5.1359e-01
6.3694e-01
5.8969e-01
5.7338e-01
4.9995e-01
4.5194e-01
5.7599e-01
6.1075e-01
5.7338e-01
6.0897e-01
5.9965e-01
6.1207e-01
6.0897e-01
6.0000e-01
5.9407e-01
5.3142e-01
6.1098e-01
5.9339e-01
3.7154e-01
6.3794e-01
5.8813e-01
5.9867e-01
5.1835e-01
5.4926e-01
5.8118e-01
6.0962e-01
5.9167e-01
5.9911e-01
5.9597e-01
5.9841e-01
5.8813e-01
6.2406e-01
5.4174e-01
6.0389e-01
5.4652e-01
6.3113e-01
6.1985e-01
5.3475e-01
6.2487e-01
6.1397e-01
5.8429e-01
6.1533e-01
5.6669e-01
5.4828e-01
6.1006e-01
6.4018e-01
5.7387e-01
6.0204e-01
5.9867e-01
5.6945e-01
5.6336e-01
5.4942e-01
5.9715e-01
5.6612e-01
6.2216e-01
5.7380e-01
6.3031e-01
6.2069e-01
5.7599e-01
5.9616e-01
6.0647e-01
5.2332e-01
5.1895e-01
6.0271e-01
5.9093e-01
5.8139e-01
5.6554e-01
5.9597e-01
5.4652e-01
5.3523e-01
6.1074e-01
6.1397e-01
5.1835e-01
5.8429e-01
5.6612e-01
5.7192e-01
4.6704e-01
6.1479e-01
5.9802e-01
5.4507e-01
4.0996e-01
5.4544e-01
6.2448e-01
6.3223e-01
6.3031e-01
5.0889e-01
4.4960e-01
5.4032e-01
4.8805e-01
5.4230e-01
5.2718e-01
5.2367e-01
5.5514e-01
5.4615e-01
2.6730e-01
5.3523e-01
5.9021e-01
5.7659e-01
5.4174e-01
6.1146e-01
5.7488e-01
6.0962e-01
1.8452e-01
6.2487e-01
6.3004e-01
5.9223e-01
6.1800e-01
5.6945e-01
5.9363e-01
4.4960e-01
5.8369e-01
5.1522e-01
6.0236e-01
6.0647e-01
6.2847e-01
5.3671e-01
5.4451e-01
6.2216e-01
5.9841e-01
5.3142e-01
6.2069e-01
5.3519e-01
5.9167e-01
5.3686e-01
5.3104e-01
5.6669e-01
6.2522e-01
6.2544e-01
5.7439e-01
5.9339e-01
6.1465e-01
6.0111e-01
6.0345e-01
5.4615e-01
6.2016e-01
5.1522e-01
5.2207e-01
5.7659e-01
5.9800e-01
5.9093e-01
6.1006e-01
5.9424e-01
6.0319e-01
5.7380e-01
6.3439e-01
5.3264e-01
5.3429e-01
6.0345e-01
6.1098e-01
5.8965e-01
6.2007e-01
5.6411e-01
5.8883e-01
6.2266e-01
5.8883e-01
6.0084e-01
6.2556e-01
5.4100e-01
6.4018e-01
6.0789e-01
5.3736e-01
6.1684e-01
5.8528e-01
5.8931e-01
5.7089e-01
5.8403e-01
6.4000e-01
6.1743e-01
4.0996e-01
6.1326e-01
5.5348e-01
5.6052e-01
6.0789e-01
6.2753e-01
6.0384e-01
5.8118e-01
5.8244e-01
6.0676e-01
5.6602e-01
5.6960e-01
5.7761e-01
4.9995e-01
5.9424e-01
5.6782e-01
6.0271e-01
6.0988e-01
6.0166e-01
5.7192e-01
4.4223e-01
5.3052e-01
6.3705e-01
6.3589e-01
5.3308e-01
5.6411e-01
5.6554e-01
5.3308e-01
5.3104e-01
5.7382e-01
5.5301e-01
5.2345e-01
6.2522e-01
6.3099e-01
5.8969e-01
6.1465e-01
5.5514e-01
5.3052e-01
3.7154e-01
5.8139e-01
5.2332e-01
6.0370e-01
5.9764e-01
6.0236e-01
6.0389e-01
6.3247e-01
6.0111e-01
5.6960e-01
5.3264e-01
6.3099e-01
6.0988e-01
6.3589e-01
4.6536e-01
5.2345e-01
5.0684e-01
5.4451e-01
6.2764e-01
5.2207e-01
5.3475e-01
6.1074e-01
5.4032e-01
5.4926e-01
5.9802e-01
6.1479e-01
6.2448e-01
6.2561e-01
6.0319e-01
6.1004e-01
6.1803e-01
6.0000e-01
5.6214e-01
5.1895e-01
5.6336e-01
5.9776e-01
5.4230e-01
6.2496e-01
6.3794e-01
5.7761e-01
6.1774e-01
6.0384e-01
5.9703e-01
5.9966e-01
5.8403e-01
5.7144e-01
5.7144e-01
6.1146e-01
6.3705e-01
