1745625407787 9.568477153778076 0
1745625418345 10.070968627929688 1
1745625428081 9.697835206985474 2
1745625437805 9.680938005447388 3
1745625447652 9.801944017410278 4
1745625457726 10.030385732650757 5
1745625468193 9.917089462280273 6
1745625478531 9.962746858596802 7
1745625488962 9.898489713668823 8
1745625499359 9.874836444854736 9
1745625509682 9.95071792602539 10
1745625520232 10.029754638671875 11
1745625530564 9.95526671409607 12
1745625540332 9.72349214553833 13
1745625550351 9.974215745925903 14
