1745625407787 0.0011315873125568032 0
1745625418345 0.002039962448179722 1
1745625428081 0.007159106433391571 2
1745625437805 0.0539875403046608 3
1745625447652 0.19843029975891113 4
1745625457726 0.49842187762260437 5
1745625468193 0.9637978076934814 6
1745625478531 1.7123804092407227 7
1745625488962 2.555643081665039 8
1745625499359 4.265627861022949 9
1745625509682 7.3051910400390625 10
1745625520232 10.463018417358398 11
1745625530564 16.841690063476562 12
1745625540332 23.47606658935547 13
1745625550351 37.42729187011719 14
