1745625407787 -0.02012520655989647 0
1745625418345 -0.02011537365615368 1
1745625428081 -0.020150557160377502 2
1745625437805 -0.01932785101234913 3
1745625447652 -0.004906465299427509 4
1745625457726 0.021465245634317398 5
1745625468193 0.05255318805575371 6
1745625478531 0.08784818649291992 7
1745625488962 0.12673886120319366 8
1745625499359 0.16792237758636475 9
1745625509682 0.21304947137832642 10
1745625520232 0.26191818714141846 11
1745625530564 0.3153882324695587 12
1745625540332 0.37180790305137634 13
1745625550351 0.4320433735847473 14
