1745625407787 40.299949645996094 0
1745625418345 40.299949645996094 1
1745625428081 40.2999267578125 2
1745625437805 40.29943084716797 3
1745625447652 40.29843521118164 4
1745625457726 40.29526138305664 5
1745625468193 40.291439056396484 6
1745625478531 40.27973175048828 7
1745625488962 40.276390075683594 8
1745625499359 40.236698150634766 9
1745625509682 40.16889953613281 10
1745625520232 40.05560302734375 11
1745625530564 40.04310989379883 12
1745625540332 39.899513244628906 13
1745625550351 39.578704833984375 14
