1745625407787 0.019519731402397156 0
1745625418345 -0.007649702951312065 1
1745625428081 -0.033597182482481 2
1745625437805 0.009738343767821789 3
1745625447652 0.06463200598955154 4
1745625457726 0.14055979251861572 5
1745625468193 0.22144857048988342 6
1745625478531 0.29995453357696533 7
1745625488962 0.39639684557914734 8
1745625499359 0.4874691367149353 9
1745625509682 0.481838196516037 10
1745625520232 0.5214202404022217 11
1745625530564 0.5253346562385559 12
1745625540332 0.5583496689796448 13
1745625550351 0.5466243028640747 14
