1745625407787 0.7509909868240356 0
1745625418345 0.7514753937721252 1
1745625428081 0.7521798014640808 2
1745625437805 0.749882698059082 3
1745625447652 0.7514411211013794 4
1745625457726 0.7507564425468445 5
1745625468193 0.7504600882530212 6
1745625478531 0.7484557628631592 7
1745625488962 0.7522763609886169 8
1745625499359 0.7512351870536804 9
1745625509682 0.7530353665351868 10
1745625520232 0.7510745525360107 11
1745625530564 0.7512550354003906 12
1745625540332 0.7512972354888916 13
1745625550351 0.7512246370315552 14
