1745627777275 9.229224443435669 0
1745627787047 9.28962230682373 1
1745627796927 9.512678861618042 2
1745627806701 9.242965936660767 3
1745627816606 9.398965835571289 4
1745627826427 9.46018099784851 5
1745627835786 9.31633710861206 6
1745627845258 9.429452419281006 7
1745627854680 9.37575078010559 8
1745627864133 9.405450105667114 9
1745627873786 9.60477590560913 10
1745627883371 9.538649559020996 11
1745627892792 9.373363018035889 12
1745627902337 9.495835065841675 13
1745627911654 9.26754879951477 14
1745627921665 9.518038272857666 15
1745627931072 9.360602617263794 16
1745627940871 9.425109148025513 17
1745627950230 9.314157247543335 18
1745627959634 9.35991621017456 19
1745627969092 9.41092038154602 20
1745627978704 9.565104007720947 21
1745627988981 10.220800638198853 22
1745627999123 10.086307764053345 23
1745628008866 9.689601182937622 24
1745628018452 9.535202026367188 25
1745628027973 9.467856168746948 26
1745628037638 9.611879587173462 27
1745628047195 9.504097938537598 28
1745628056807 9.559266090393066 29
1745628066718 9.857682704925537 30
1745628076443 9.67238998413086 31
1745628086100 9.603195428848267 32
1745628096213 10.049494981765747 33
1745628106323 10.052947521209717 34
1745628116029 9.65199589729309 35
1745628125547 9.468031883239746 36
1745628134954 9.359171628952026 37
1745628144330 9.327391862869263 38
1745628153706 9.328255653381348 39
1745628163028 9.276495933532715 40
