1745627777275 0.0 0
1745627787047 1.0 1
1745627796927 2.0 2
1745627806701 3.0 3
1745627816606 4.0 4
1745627826427 5.0 5
1745627835786 6.0 6
1745627845258 7.0 7
1745627854680 8.0 8
1745627864133 9.0 9
1745627873786 10.0 10
1745627883371 11.0 11
1745627892792 12.0 12
1745627902337 13.0 13
1745627911654 14.0 14
1745627921665 15.0 15
1745627931072 16.0 16
1745627940871 17.0 17
1745627950230 18.0 18
1745627959634 19.0 19
1745627969092 20.0 20
1745627978704 21.0 21
1745627988981 22.0 22
1745627999123 23.0 23
1745628008866 24.0 24
1745628018452 25.0 25
1745628027973 26.0 26
1745628037638 27.0 27
1745628047195 28.0 28
1745628056807 29.0 29
1745628066718 30.0 30
1745628076443 31.0 31
1745628086100 32.0 32
1745628096213 33.0 33
1745628106323 34.0 34
1745628116029 35.0 35
1745628125547 36.0 36
1745628134954 37.0 37
1745628144330 38.0 38
1745628153706 39.0 39
1745628163028 40.0 40
