1745627777275 0.220994770526886 0
1745627787047 1.8297436237335205 1
1745627796927 18.80124855041504 2
1745627806701 22.021127700805664 3
1745627816606 23.856454849243164 4
1745627826427 19.18039894104004 5
1745627835786 21.932701110839844 6
1745627845258 20.572118759155273 7
1745627854680 20.948379516601562 8
1745627864133 19.437580108642578 9
1745627873786 20.222482681274414 10
1745627883371 20.944971084594727 11
1745627892792 20.497968673706055 12
1745627902337 22.527883529663086 13
1745627911654 21.301464080810547 14
1745627921665 21.82526969909668 15
1745627931072 20.735506057739258 16
1745627940871 20.07504653930664 17
1745627950230 21.201261520385742 18
1745627959634 20.850854873657227 19
1745627969092 23.53551483154297 20
1745627978704 20.393800735473633 21
1745627988981 19.725351333618164 22
1745627999123 20.97700309753418 23
1745628008866 18.707115173339844 24
1745628018452 19.835357666015625 25
1745628027973 19.818578720092773 26
1745628037638 22.357589721679688 27
1745628047195 19.535991668701172 28
1745628056807 19.35645294189453 29
1745628066718 19.319705963134766 30
1745628076443 19.463764190673828 31
1745628086100 19.548982620239258 32
1745628096213 18.539722442626953 33
1745628106323 18.253938674926758 34
1745628116029 17.389724731445312 35
1745628125547 20.839054107666016 36
1745628134954 19.456954956054688 37
1745628144330 16.709630966186523 38
1745628153706 16.591806411743164 39
1745628163028 17.56198501586914 40
