1745627777275 0.07607303559780121 0
1745627787047 0.21009895205497742 1
1745627796927 0.5250436067581177 2
1745627806701 0.7806422114372253 3
1745627816606 0.7425845265388489 4
1745627826427 0.7496363520622253 5
1745627835786 0.7461744546890259 6
1745627845258 0.7589603662490845 7
1745627854680 0.7429668307304382 8
1745627864133 0.7467308640480042 9
1745627873786 0.7547667622566223 10
1745627883371 0.7468724250793457 11
1745627892792 0.754098653793335 12
1745627902337 0.750346302986145 13
1745627911654 0.745803713798523 14
1745627921665 0.7479298710823059 15
1745627931072 0.7515380382537842 16
1745627940871 0.7461538314819336 17
1745627950230 0.740960419178009 18
1745627959634 0.7468430995941162 19
1745627969092 0.7554786205291748 20
1745627978704 0.7461199760437012 21
1745627988981 0.7439196705818176 22
1745627999123 0.7532698512077332 23
1745628008866 0.7622017860412598 24
1745628018452 0.7445817589759827 25
1745628027973 0.7507249116897583 26
1745628037638 0.7490391135215759 27
1745628047195 0.7416929602622986 28
1745628056807 0.7579795122146606 29
1745628066718 0.7472320199012756 30
1745628076443 0.7470624446868896 31
1745628086100 0.7501775026321411 32
1745628096213 0.7505525946617126 33
1745628106323 0.7543967962265015 34
1745628116029 0.7473034262657166 35
1745628125547 0.7453733086585999 36
1745628134954 0.7505393028259277 37
1745628144330 0.7532567977905273 38
1745628153706 0.7457882761955261 39
1745628163028 0.7517653107643127 40
