1745627777275 7.549434185028076 0
1745627787047 7.517875671386719 1
1745627796927 7.218116283416748 2
1745627806701 7.158474922180176 3
1745627816606 6.908694744110107 4
1745627826427 6.773924827575684 5
1745627835786 5.969543933868408 6
1745627845258 6.088437557220459 7
1745627854680 6.171236991882324 8
1745627864133 5.721128463745117 9
1745627873786 6.20864725112915 10
1745627883371 5.836434364318848 11
1745627892792 6.480486869812012 12
1745627902337 5.605205059051514 13
1745627911654 6.009395599365234 14
1745627921665 6.1578779220581055 15
1745627931072 5.205137729644775 16
1745627940871 5.806543350219727 17
1745627950230 5.391752243041992 18
1745627959634 5.518253803253174 19
1745627969092 4.827298164367676 20
1745627978704 5.563674449920654 21
1745627988981 5.280606269836426 22
1745627999123 5.656397819519043 23
1745628008866 6.043959140777588 24
1745628018452 5.83450174331665 25
1745628027973 5.996077060699463 26
1745628037638 5.494733810424805 27
1745628047195 5.525487899780273 28
1745628056807 5.62686824798584 29
1745628066718 4.966854572296143 30
1745628076443 5.2098612785339355 31
1745628086100 5.354244709014893 32
1745628096213 5.568080425262451 33
1745628106323 5.22661018371582 34
1745628116029 5.648264408111572 35
1745628125547 5.362611293792725 36
1745628134954 5.947176933288574 37
1745628144330 5.767683029174805 38
1745628153706 5.417571067810059 39
1745628163028 6.162076950073242 40
