1745627777275 0.01751086860895157 0
1745627787047 0.12002600729465485 1
1745627796927 0.2854158878326416 2
1745627806701 0.3899780213832855 3
1745627816606 0.47880059480667114 4
1745627826427 0.5115015506744385 5
1745627835786 0.5428478717803955 6
1745627845258 0.5166826248168945 7
1745627854680 0.5293762683868408 8
1745627864133 0.5728387832641602 9
1745627873786 0.5675954222679138 10
1745627883371 0.5970472097396851 11
1745627892792 0.5866832733154297 12
1745627902337 0.5746816992759705 13
1745627911654 0.5735369920730591 14
1745627921665 0.5946862697601318 15
1745627931072 0.5914849638938904 16
1745627940871 0.5972047448158264 17
1745627950230 0.5991097092628479 18
1745627959634 0.6048987507820129 19
1745627969092 0.6358007192611694 20
1745627978704 0.6137208342552185 21
1745627988981 0.6188137531280518 22
1745627999123 0.597615659236908 23
1745628008866 0.6345195174217224 24
1745628018452 0.6278712153434753 25
1745628027973 0.6284292340278625 26
1745628037638 0.6085601449012756 27
1745628047195 0.6211941242218018 28
1745628056807 0.6254180669784546 29
1745628066718 0.615339994430542 30
1745628076443 0.62223881483078 31
1745628086100 0.6174285411834717 32
1745628096213 0.6227578520774841 33
1745628106323 0.6456664204597473 34
1745628116029 0.6488051414489746 35
1745628125547 0.6537900567054749 36
1745628134954 0.6311213970184326 37
1745628144330 0.6518310904502869 38
1745628153706 0.6515122056007385 39
1745628163028 0.6527373194694519 40
