1745627777275 0.7506105899810791 0
1745627787047 0.7483659982681274 1
1745627796927 0.7522007822990417 2
1745627806701 0.7494516968727112 3
1745627816606 0.751677930355072 4
1745627826427 0.7500391602516174 5
1745627835786 0.7490602135658264 6
1745627845258 0.7499666213989258 7
1745627854680 0.7490949630737305 8
1745627864133 0.749598503112793 9
1745627873786 0.7514421939849854 10
1745627883371 0.7488225698471069 11
1745627892792 0.7496828436851501 12
1745627902337 0.7476119995117188 13
1745627911654 0.7507514953613281 14
1745627921665 0.7493611574172974 15
1745627931072 0.7502160668373108 16
1745627940871 0.7490792274475098 17
1745627950230 0.7480786442756653 18
1745627959634 0.7495032548904419 19
1745627969092 0.7500550746917725 20
1745627978704 0.7507835626602173 21
1745627988981 0.7477133274078369 22
1745627999123 0.7503736019134521 23
1745628008866 0.7506716251373291 24
1745628018452 0.7496033906936646 25
1745628027973 0.750183641910553 26
1745628037638 0.7506200075149536 27
1745628047195 0.7508618831634521 28
1745628056807 0.7510293126106262 29
1745628066718 0.7501020431518555 30
1745628076443 0.7496052384376526 31
1745628086100 0.7495813965797424 32
1745628096213 0.7489023804664612 33
1745628106323 0.7495887279510498 34
1745628116029 0.750584065914154 35
1745628125547 0.7493048310279846 36
1745628134954 0.7482720613479614 37
1745628144330 0.7485839128494263 38
1745628153706 0.750400722026825 39
1745628163028 0.7495870590209961 40
