8.7420e-01
6.9120e-01
7.5088e-01
7.1792e-01
8.9842e-01
4.4147e-01
8.4878e-01
7.9219e-01
6.8073e-01
8.7860e-01
9.1394e-01
9.1699e-01
2.9197e-01
5.6083e-01
6.0098e-01
5.9933e-01
7.5065e-01
4.5865e-01
3.4980e-01
6.6756e-01
6.2119e-01
9.1599e-01
2.9336e-01
9.3649e-01
5.7725e-01
9.3809e-01
9.0452e-01
7.9219e-01
7.7617e-01
5.5200e-01
2.4282e-03
5.3656e-01
7.8738e-01
8.7420e-01
6.8396e-01
5.2598e-01
8.4753e-01
4.7436e-01
6.8653e-01
5.5730e-01
8.9978e-01
9.0009e-01
9.2515e-01
6.7905e-01
7.1930e-01
9.2669e-01
8.7691e-01
5.5984e-01
8.4488e-01
4.3735e-01
7.7489e-01
6.7771e-01
8.9872e-01
7.5373e-01
8.4753e-01
7.7617e-01
5.4732e-01
7.8738e-01
6.9337e-01
8.7860e-01
8.4700e-01
7.9422e-01
7.0381e-01
7.0381e-01
3.6169e-01
7.1430e-01
5.9917e-01
1.8245e-01
9.0611e-01
5.5984e-01
7.9422e-01
7.8397e-01
9.3370e-01
4.0054e-01
9.0524e-01
5.8225e-01
9.2466e-01
6.8073e-01
4.0054e-01
9.3942e-01
6.7386e-01
7.4515e-01
7.9173e-01
2.9336e-01
7.8295e-01
6.3829e-01
7.4515e-01
7.5680e-01
8.4247e-01
7.5088e-01
7.5680e-01
6.4609e-01
9.0233e-01
6.6896e-01
7.9614e-01
6.7696e-01
1.8707e-01
9.4131e-01
5.8611e-01
4.9806e-01
5.7323e-01
7.7651e-01
6.7300e-01
8.7538e-01
6.0593e-01
7.7489e-01
7.6515e-01
7.7850e-01
5.8611e-01
9.0611e-01
5.0303e-01
8.2753e-01
5.8762e-01
9.2540e-01
8.0518e-01
3.8909e-01
7.2812e-01
9.0625e-01
6.8021e-01
9.1437e-01
7.6771e-01
4.5865e-01
6.2684e-01
9.4644e-01
5.5730e-01
8.6962e-01
4.9806e-01
6.9620e-01
6.7311e-01
5.3656e-01
7.5065e-01
6.1292e-01
9.0976e-01
2.4725e-01
9.0576e-01
9.2801e-01
7.8295e-01
5.9933e-01
8.8961e-01
9.2167e-01
7.0169e-01
4.8139e-01
6.3973e-01
5.0137e-01
9.1547e-01
7.6515e-01
5.8762e-01
4.1112e-01
7.6413e-01
9.0625e-01
5.7323e-01
6.8021e-01
6.1292e-01
7.6029e-01
6.8396e-01
8.7795e-01
7.4841e-01
3.9297e-01
7.7412e-02
6.6795e-01
9.3012e-01
9.3595e-01
9.0576e-01
5.7246e-01
2.7996e-01
4.7333e-01
3.6062e-01
7.1376e-01
5.5200e-01
4.1104e-01
5.0843e-01
2.3898e-01
2.7218e-01
4.1112e-01
7.4658e-01
5.9408e-01
5.0303e-01
9.3422e-01
8.0763e-01
8.7538e-01
2.4282e-03
7.2812e-01
9.4104e-01
6.6756e-01
8.5411e-01
6.9620e-01
5.9917e-01
2.7996e-01
6.7905e-01
5.5011e-01
5.9155e-01
8.8961e-01
9.3306e-01
9.1699e-01
4.9400e-01
9.0976e-01
7.7850e-01
6.6896e-01
9.2801e-01
4.6713e-01
6.0593e-01
7.2637e-01
8.0294e-01
7.6771e-01
9.2576e-01
8.9842e-01
5.4732e-01
6.7696e-01
9.2153e-01
3.8534e-01
7.1061e-01
2.3898e-01
8.6817e-01
5.5011e-01
7.4173e-01
5.9408e-01
8.4878e-01
6.3973e-01
6.2684e-01
1.4529e-01
9.0758e-01
2.4725e-01
8.9872e-01
6.5488e-01
2.9197e-01
7.1061e-01
7.9614e-01
6.7496e-01
8.7691e-01
6.5362e-01
8.4607e-01
8.5638e-01
8.4607e-01
6.9624e-01
9.1599e-01
4.7436e-01
9.4644e-01
6.6175e-01
4.4147e-01
8.4700e-01
8.9012e-01
3.6230e-01
8.7420e-01
8.2506e-01
9.3580e-01
9.1394e-01
7.7412e-02
7.8397e-01
1.8245e-01
6.9337e-01
6.6175e-01
9.3831e-01
8.9669e-01
6.7300e-01
6.5376e-01
7.1048e-01
5.7725e-01
9.1102e-01
5.0986e-01
7.9173e-01
1.4529e-01
6.7771e-01
4.8139e-01
4.3264e-01
7.1930e-01
7.6029e-01
6.0098e-01
4.4819e-01
9.3345e-01
9.4497e-01
7.7395e-01
6.5362e-01
9.1547e-01
7.7395e-01
8.0294e-01
5.6083e-01
7.5373e-01
5.2375e-01
9.2576e-01
9.1827e-01
6.7386e-01
9.2153e-01
5.0843e-01
4.4819e-01
1.8707e-01
5.0137e-01
9.2167e-01
9.0524e-01
7.1792e-01
5.9155e-01
8.2753e-01
9.2848e-01
3.8534e-01
9.1102e-01
6.5488e-01
9.1827e-01
4.3264e-01
9.4497e-01
4.3833e-01
5.2375e-01
6.2119e-01
4.9400e-01
8.9294e-01
7.4173e-01
3.8909e-01
7.6413e-01
4.7333e-01
7.7651e-01
7.4841e-01
8.7795e-01
9.3012e-01
8.7420e-01
9.0758e-01
7.8461e-01
9.3809e-01
6.4609e-01
3.6169e-01
7.0169e-01
6.7311e-01
9.0009e-01
7.1376e-01
8.4488e-01
9.4131e-01
5.0986e-01
9.1761e-01
8.9669e-01
6.8653e-01
7.8615e-01
8.2506e-01
7.6294e-01
7.6294e-01
9.3422e-01
9.3345e-01
