9.0207e-01
8.1058e-01
9.2913e-01
7.9351e-01
7.9573e-01
5.7855e-01
7.7015e-01
7.6175e-01
7.9509e-01
9.2844e-01
7.5831e-01
4.9944e-01
5.2481e-01
5.9472e-01
6.0496e-01
5.8442e-01
7.5472e-01
5.9805e-01
3.7775e-01
7.5599e-01
5.3857e-01
8.8896e-01
5.4603e-01
9.4762e-01
7.1725e-01
5.5228e-01
9.0820e-01
7.6175e-01
9.0679e-01
6.1124e-01
5.9627e-01
6.2141e-01
8.5883e-01
6.8339e-01
5.6993e-01
5.4733e-01
7.6614e-01
5.4884e-01
7.4495e-01
6.8707e-01
9.2369e-01
7.1922e-01
9.3787e-01
6.9506e-01
7.1495e-01
9.2246e-01
9.2555e-01
7.1155e-01
8.8446e-01
5.9267e-01
8.8335e-01
6.4179e-01
9.3307e-01
8.0247e-01
7.6614e-01
9.0679e-01
6.6155e-01
8.5883e-01
6.2839e-01
9.2844e-01
8.1541e-01
8.0874e-01
6.7468e-01
6.7468e-01
6.9084e-01
6.7882e-01
7.8197e-01
5.0115e-01
3.9634e-01
7.1155e-01
8.0874e-01
9.0354e-01
9.4729e-01
4.8648e-01
8.6105e-01
6.6500e-01
9.6915e-01
7.9509e-01
4.8648e-01
9.7123e-01
6.9757e-01
6.0304e-01
7.6442e-01
5.4603e-01
8.2514e-01
8.2913e-01
6.0304e-01
9.0022e-01
8.4193e-01
9.2913e-01
9.0022e-01
9.1663e-01
9.1433e-01
7.3115e-01
9.3901e-01
7.1609e-01
4.6818e-01
9.7179e-01
5.7131e-01
7.3795e-01
5.8471e-01
7.3952e-01
9.5892e-01
8.6908e-01
7.9096e-01
8.8335e-01
7.7867e-01
7.3197e-01
5.7131e-01
3.9634e-01
6.9426e-01
7.1074e-01
5.5895e-01
9.4518e-01
8.3312e-01
4.7377e-01
8.5777e-01
7.0760e-01
6.2109e-01
8.7520e-01
7.1411e-01
5.9805e-01
8.7068e-01
9.7081e-01
6.8707e-01
8.4975e-01
7.3795e-01
6.1530e-01
7.7012e-01
6.2141e-01
7.5472e-01
7.9182e-01
8.3175e-01
4.8009e-01
9.5726e-01
9.4183e-01
8.2514e-01
5.8442e-01
8.0317e-01
5.4622e-01
4.7364e-01
6.9676e-01
7.2533e-01
6.1855e-01
8.9740e-01
7.7867e-01
5.5895e-01
6.8547e-01
7.4986e-01
7.0760e-01
5.8471e-01
6.2109e-01
7.9182e-01
5.6277e-01
5.6993e-01
9.2682e-01
8.8588e-01
7.4445e-01
3.4877e-01
5.9342e-01
9.5183e-01
8.9131e-01
9.5726e-01
6.3351e-01
6.1496e-01
5.6199e-01
5.4162e-01
6.0056e-01
6.1124e-01
6.5689e-01
5.9880e-01
4.7952e-01
4.6793e-01
6.8547e-01
9.0441e-01
6.7544e-01
6.9426e-01
7.5040e-01
9.0075e-01
8.6908e-01
5.9627e-01
8.5777e-01
9.7631e-01
7.5599e-01
9.4564e-01
6.1530e-01
7.8197e-01
6.1496e-01
6.9506e-01
6.3831e-01
4.9929e-01
8.0317e-01
9.6850e-01
4.9944e-01
4.8528e-01
8.3175e-01
7.3197e-01
7.3115e-01
9.4183e-01
5.8619e-01
7.9096e-01
5.7906e-01
8.7975e-01
7.1411e-01
9.4836e-01
7.9573e-01
6.6155e-01
7.1609e-01
9.0876e-01
4.4644e-01
5.5353e-01
4.7952e-01
8.5855e-01
6.3831e-01
9.0832e-01
6.7544e-01
7.7015e-01
7.2533e-01
8.7068e-01
8.7399e-01
9.2530e-01
4.8009e-01
9.3307e-01
8.7386e-01
5.2481e-01
5.5353e-01
9.3901e-01
7.9293e-01
9.2555e-01
8.7759e-01
8.0905e-01
9.0145e-01
8.0905e-01
8.3214e-01
8.8896e-01
5.4884e-01
9.7081e-01
6.5034e-01
5.7855e-01
8.1541e-01
8.9612e-01
4.9194e-01
6.8339e-01
4.9192e-01
9.7212e-01
7.5831e-01
3.4877e-01
9.0354e-01
5.0115e-01
6.2839e-01
6.5034e-01
8.5594e-01
7.5913e-01
9.5892e-01
7.1604e-01
7.4025e-01
7.1725e-01
9.6946e-01
7.9925e-01
7.6442e-01
8.7399e-01
6.4179e-01
6.9676e-01
7.4733e-01
7.1495e-01
5.6277e-01
6.0496e-01
5.2633e-01
9.3400e-01
9.8403e-01
4.8952e-01
8.7759e-01
8.9740e-01
4.8952e-01
8.7975e-01
5.9472e-01
8.0247e-01
5.7383e-01
9.4836e-01
8.7156e-01
6.9757e-01
9.0876e-01
5.9880e-01
5.2633e-01
4.6818e-01
6.1855e-01
5.4622e-01
8.6105e-01
7.9351e-01
4.9929e-01
7.1074e-01
9.6381e-01
4.4644e-01
9.6946e-01
8.7386e-01
8.7156e-01
7.4733e-01
9.8403e-01
6.4925e-01
5.7383e-01
5.3857e-01
4.8528e-01
9.5894e-01
9.0832e-01
4.7377e-01
7.4986e-01
5.6199e-01
7.3952e-01
8.8588e-01
9.2682e-01
9.5183e-01
9.0207e-01
9.2530e-01
6.2222e-01
5.5228e-01
9.1663e-01
6.9084e-01
4.7364e-01
7.7012e-01
7.1922e-01
6.0056e-01
8.8446e-01
9.7179e-01
7.9925e-01
6.8743e-01
7.5913e-01
7.4495e-01
8.3802e-01
4.9192e-01
8.3591e-01
8.3591e-01
7.5040e-01
9.3400e-01
