7.2676e-01
4.7194e-01
9.2135e-01
5.1280e-01
8.3593e-01
5.0968e-01
8.1767e-01
7.1457e-01
5.4215e-01
6.9871e-01
8.9305e-01
5.8014e-01
4.6977e-01
5.7635e-01
4.1629e-01
4.9106e-01
5.3879e-01
5.8387e-01
4.4632e-01
6.0178e-01
5.1122e-01
7.5771e-01
4.6086e-01
9.0733e-01
5.5116e-01
7.4262e-01
8.2225e-01
7.1457e-01
9.1449e-01
4.5642e-01
6.5113e-01
4.9398e-01
5.7879e-01
5.6749e-01
5.7935e-01
5.3572e-01
5.5667e-01
4.7745e-01
6.8370e-01
5.5080e-01
7.7620e-01
6.3425e-01
8.2708e-01
6.5179e-01
5.9444e-01
7.2997e-01
9.3372e-01
5.6672e-01
7.8130e-01
5.0801e-01
7.3506e-01
6.0594e-01
7.4920e-01
6.6686e-01
5.5667e-01
9.1449e-01
5.4791e-01
5.7879e-01
4.8078e-01
6.9871e-01
4.9974e-01
4.7133e-01
6.4686e-01
6.4686e-01
5.8342e-01
5.9724e-01
4.4690e-01
4.7325e-01
5.1055e-01
5.6672e-01
4.7133e-01
7.9744e-01
8.9827e-01
4.4553e-01
6.5480e-01
4.9616e-01
8.1858e-01
5.4215e-01
4.4553e-01
9.6302e-01
5.1932e-01
4.9246e-01
4.6974e-01
4.6086e-01
5.8028e-01
6.0766e-01
4.9246e-01
6.7411e-01
6.0315e-01
9.2135e-01
6.7411e-01
9.2810e-01
7.5031e-01
5.7697e-01
6.4195e-01
5.7118e-01
4.1013e-01
9.2942e-01
5.6861e-01
6.0467e-01
4.9023e-01
5.7159e-01
8.3213e-01
5.9088e-01
8.1236e-01
7.3506e-01
7.0395e-01
5.5481e-01
5.6861e-01
5.1055e-01
4.8592e-01
5.8236e-01
5.1217e-01
8.4821e-01
5.1750e-01
4.7574e-01
5.7690e-01
8.2809e-01
5.8359e-01
7.5966e-01
5.7932e-01
5.8387e-01
4.8131e-01
9.5543e-01
5.5080e-01
7.0054e-01
6.0467e-01
5.3996e-01
5.3415e-01
4.9398e-01
5.3879e-01
5.1320e-01
5.3083e-01
4.4329e-01
9.1397e-01
9.3676e-01
5.8028e-01
4.9106e-01
7.5862e-01
5.7931e-01
6.1399e-01
7.9097e-01
5.5600e-01
4.1227e-01
6.5545e-01
7.0395e-01
5.1217e-01
5.5916e-01
5.6670e-01
8.2809e-01
4.9023e-01
5.8359e-01
5.1320e-01
4.8934e-01
5.7935e-01
6.4533e-01
5.6648e-01
5.5427e-01
3.8541e-01
4.9587e-01
9.2553e-01
9.4615e-01
9.1397e-01
4.9946e-01
4.9593e-01
4.6027e-01
4.8178e-01
4.9930e-01
4.5642e-01
4.4097e-01
4.9482e-01
4.8206e-01
3.8791e-01
5.5916e-01
7.0743e-01
5.8664e-01
4.8592e-01
6.1776e-01
6.5802e-01
5.9088e-01
6.5113e-01
5.7690e-01
9.3694e-01
6.0178e-01
8.1955e-01
5.3996e-01
4.4690e-01
4.9593e-01
6.5179e-01
4.4797e-01
4.4691e-01
7.5862e-01
8.6932e-01
5.8014e-01
5.6922e-01
5.3083e-01
5.5481e-01
5.7697e-01
9.3676e-01
5.8336e-01
8.1236e-01
7.9598e-01
5.4985e-01
5.7932e-01
8.6478e-01
8.3593e-01
5.4791e-01
5.7118e-01
7.7022e-01
5.2220e-01
4.9278e-01
4.8206e-01
8.2438e-01
4.4797e-01
9.3045e-01
5.8664e-01
8.1767e-01
5.5600e-01
4.8131e-01
4.9002e-01
6.3844e-01
4.4329e-01
7.4920e-01
5.8683e-01
4.6977e-01
4.9278e-01
6.4195e-01
5.5433e-01
9.3372e-01
6.2440e-01
6.3616e-01
7.5911e-01
6.3616e-01
5.9782e-01
7.5771e-01
4.7745e-01
9.5543e-01
5.2395e-01
5.0968e-01
4.9974e-01
6.7366e-01
4.6928e-01
5.6749e-01
4.8702e-01
9.1929e-01
8.9305e-01
3.8541e-01
7.9744e-01
4.7325e-01
4.8078e-01
5.2395e-01
7.7301e-01
7.1290e-01
8.3213e-01
5.6817e-01
5.7734e-01
5.5116e-01
7.5757e-01
5.2661e-01
4.6974e-01
4.9002e-01
6.0594e-01
7.9097e-01
7.2931e-01
5.9444e-01
4.8934e-01
4.1629e-01
4.7505e-01
9.3397e-01
9.0283e-01
5.6747e-01
6.2440e-01
6.5545e-01
5.6747e-01
5.4985e-01
5.7635e-01
6.6686e-01
5.2322e-01
8.6478e-01
7.7370e-01
5.1932e-01
7.7022e-01
4.9482e-01
4.7505e-01
4.1013e-01
4.1227e-01
5.7931e-01
6.5480e-01
5.1280e-01
4.4691e-01
5.8236e-01
9.6558e-01
5.2220e-01
7.5757e-01
5.8683e-01
7.7370e-01
7.2931e-01
9.0283e-01
4.7595e-01
5.2322e-01
5.1122e-01
5.6922e-01
5.1423e-01
9.3045e-01
4.7574e-01
5.6670e-01
4.6027e-01
5.7159e-01
5.6648e-01
6.4533e-01
9.2553e-01
7.2676e-01
6.3844e-01
5.6283e-01
7.4262e-01
9.2810e-01
5.8342e-01
6.1399e-01
5.3415e-01
6.3425e-01
4.9930e-01
7.8130e-01
9.2942e-01
5.2661e-01
8.2527e-01
7.1290e-01
6.8370e-01
7.7625e-01
4.8702e-01
5.4848e-01
5.4848e-01
6.1776e-01
9.3397e-01
