1744851107948 9.169488430023193 0
1744851117025 8.770012855529785 1
1744851126035 8.957642316818237 2
1744851135298 9.208279609680176 3
1744851144280 8.929620027542114 4
1744851153546 9.210325956344604 5
1744851162846 9.24330735206604 6
1744851172673 9.223404884338379 7
1744851182470 9.23370099067688 8
1744851192084 9.26460075378418 9
1744851201640 8.988309621810913 10
1744851211462 9.264604806900024 11
1744851220375 8.858537197113037 12
1744851230207 9.231319427490234 13
1744851239721 9.164514780044556 14
1744851248858 9.08599066734314 15
1744851258177 9.264016151428223 16
1744851267475 9.241895198822021 17
1744851276810 9.275678873062134 18
1744851285931 9.061702013015747 19
1744851295877 9.345902442932129 20
1744851305442 9.207175016403198 21
1744851314605 9.109167337417603 22
1744851323876 9.213072299957275 23
1744851333538 9.3015878200531 24
