1744851107948 0.0 0
1744851117025 1.0 1
1744851126035 2.0 2
1744851135298 3.0 3
1744851144280 4.0 4
1744851153546 5.0 5
1744851162846 6.0 6
1744851172673 7.0 7
1744851182470 8.0 8
1744851192084 9.0 9
1744851201640 10.0 10
1744851211462 11.0 11
1744851220375 12.0 12
1744851230207 13.0 13
1744851239721 14.0 14
1744851248858 15.0 15
1744851258177 16.0 16
1744851267475 17.0 17
1744851276810 18.0 18
1744851285931 19.0 19
1744851295877 20.0 20
1744851305442 21.0 21
1744851314605 22.0 22
1744851323876 23.0 23
1744851333538 24.0 24
