1744851107948 0.00048421521205455065 0
1744851117025 0.000655611336696893 1
1744851126035 0.0007506380206905305 2
1744851135298 0.001145408139564097 3
1744851144280 0.009664896875619888 4
1744851153546 0.06117371842265129 5
1744851162846 0.16246244311332703 6
1744851172673 0.4608819782733917 7
1744851182470 0.9688625335693359 8
1744851192084 1.8508684635162354 9
1744851201640 3.0622384548187256 10
1744851211462 4.567576885223389 11
1744851220375 7.511899471282959 12
1744851230207 11.919214248657227 13
1744851239721 17.685649871826172 14
1744851248858 25.185749053955078 15
1744851258177 36.78958511352539 16
1744851267475 52.14203643798828 17
1744851276810 69.81694030761719 18
1744851285931 89.16757202148438 19
1744851295877 87.8125 20
1744851305442 102.52464294433594 21
1744851314605 109.76448059082031 22
1744851323876 108.29917907714844 23
1744851333538 119.83134460449219 24
