1744851107948 -0.06946082413196564 0
1744851117025 -0.06911648064851761 1
1744851126035 -0.06910990178585052 2
1744851135298 -0.06904950737953186 3
1744851144280 -0.06878530979156494 4
1744851153546 -0.061409786343574524 5
1744851162846 -0.03872697800397873 6
1744851172673 -0.009443392045795918 7
1744851182470 0.025667700916528702 8
1744851192084 0.06483031809329987 9
1744851201640 0.10680969804525375 10
1744851211462 0.15315449237823486 11
1744851220375 0.20361921191215515 12
1744851230207 0.2563815116882324 13
1744851239721 0.31246429681777954 14
1744851248858 0.3708813488483429 15
1744851258177 0.43062591552734375 16
1744851267475 0.49010661244392395 17
1744851276810 0.5541715025901794 18
1744851285931 0.6145252585411072 19
1744851295877 0.6699677109718323 20
1744851305442 0.7064529657363892 21
1744851314605 0.732306957244873 22
1744851323876 0.7392517328262329 23
1744851333538 0.7374202013015747 24
