1744851107948 40.299949645996094 0
1744851117025 40.299949645996094 1
1744851126035 40.299949645996094 2
1744851135298 40.299949645996094 3
1744851144280 40.29994583129883 4
1744851153546 40.29945755004883 5
1744851162846 40.29830551147461 6
1744851172673 40.293819427490234 7
1744851182470 40.284568786621094 8
1744851192084 40.28119659423828 9
1744851201640 40.262123107910156 10
1744851211462 40.255706787109375 11
1744851220375 40.19255065917969 12
1744851230207 40.152923583984375 13
1744851239721 39.91407012939453 14
1744851248858 40.033897399902344 15
1744851258177 39.702659606933594 16
1744851267475 39.37157440185547 17
1744851276810 39.54996871948242 18
1744851285931 38.427734375 19
1744851295877 38.18690872192383 20
1744851305442 37.991416931152344 21
1744851314605 37.69282531738281 22
1744851323876 37.404319763183594 23
1744851333538 37.8066291809082 24
