1744851107948 -0.016566021367907524 0
1744851117025 -0.020645467564463615 1
1744851126035 -0.06934596598148346 2
1744851135298 0.030217649415135384 3
1744851144280 0.0785551369190216 4
1744851153546 -0.003344007534906268 5
1744851162846 0.0919787809252739 6
1744851172673 0.14207547903060913 7
1744851182470 0.24642114341259003 8
1744851192084 0.3246721625328064 9
1744851201640 0.38863512873649597 10
1744851211462 0.43837153911590576 11
1744851220375 0.47202548384666443 12
1744851230207 0.5002168416976929 13
1744851239721 0.5150632858276367 14
1744851248858 0.5478083491325378 15
1744851258177 0.5450790524482727 16
1744851267475 0.5513905882835388 17
1744851276810 0.5532692670822144 18
1744851285931 0.5531694889068604 19
1744851295877 0.5917803049087524 20
1744851305442 0.5998247265815735 21
1744851314605 0.5955593585968018 22
1744851323876 0.5981498956680298 23
1744851333538 0.6170818209648132 24
