1744851107948 0.7464686632156372 0
1744851117025 0.7468021512031555 1
1744851126035 0.7464815974235535 2
1744851135298 0.7478765249252319 3
1744851144280 0.7466922998428345 4
1744851153546 0.7474608421325684 5
1744851162846 0.7475247979164124 6
1744851172673 0.7471137046813965 7
1744851182470 0.7475488781929016 8
1744851192084 0.7459499835968018 9
1744851201640 0.7485318779945374 10
1744851211462 0.7501349449157715 11
1744851220375 0.7477566003799438 12
1744851230207 0.7481310367584229 13
1744851239721 0.7474167346954346 14
1744851248858 0.7475960850715637 15
1744851258177 0.7500943541526794 16
1744851267475 0.7488378882408142 17
1744851276810 0.7474059462547302 18
1744851285931 0.7480734586715698 19
1744851295877 0.7462188601493835 20
1744851305442 0.7462623119354248 21
1744851314605 0.7474609613418579 22
1744851323876 0.7473527193069458 23
1744851333538 0.7477819919586182 24
