1745627260463 9.421446323394775 0
1745627270494 9.542154788970947 1
1745627280053 9.521160364151001 2
1745627289510 9.415047883987427 3
1745627299164 9.61127257347107 4
1745627309327 9.64825963973999 5
1745627319505 9.811706304550171 6
1745627329218 9.672399520874023 7
1745627339193 9.9305100440979 8
1745627348744 9.503409385681152 9
1745627358471 9.679852962493896 10
1745627368584 9.734035730361938 11
1745627378192 9.55988621711731 12
1745627387992 9.75326132774353 13
1745627397735 9.694228172302246 14
1745627407722 9.441655397415161 15
1745627417414 9.646172046661377 16
1745627427398 9.93641209602356 17
1745627436966 9.521005392074585 18
1745627446725 9.709859848022461 19
1745627456335 9.557419538497925 20
1745627466030 9.647005081176758 21
1745627475619 9.538740158081055 22
1745627485263 9.593889951705933 23
1745627494961 9.647539138793945 24
1745627504582 9.570840835571289 25
1745627514269 9.634140491485596 26
1745627523970 9.649427890777588 27
1745627534050 9.539679765701294 28
1745627543634 9.53658938407898 29
1745627553284 9.600336074829102 30
1745627563027 9.689252614974976 31
1745627572906 9.829508304595947 32
1745627582693 9.735105991363525 33
1745627592452 9.706213474273682 34
1745627602184 9.678748607635498 35
1745627611945 9.706302165985107 36
1745627621787 9.788098573684692 37
1745627631517 9.676923751831055 38
1745627641229 9.65818190574646 39
1745627650996 9.713616371154785 40
1745627660783 9.731513738632202 41
1745627670560 9.722920656204224 42
1745627680511 9.896785259246826 43
1745627690359 9.793127059936523 44
1745627700149 9.733157873153687 45
1745627709958 9.75566577911377 46
1745627719780 9.767456769943237 47
1745627729691 9.855445623397827 48
1745627739539 9.791988372802734 49
