1745627260463 0.0 0
1745627270494 1.0 1
1745627280053 2.0 2
1745627289510 3.0 3
1745627299164 4.0 4
1745627309327 5.0 5
1745627319505 6.0 6
1745627329218 7.0 7
1745627339193 8.0 8
1745627348744 9.0 9
1745627358471 10.0 10
1745627368584 11.0 11
1745627378192 12.0 12
1745627387992 13.0 13
1745627397735 14.0 14
1745627407722 15.0 15
1745627417414 16.0 16
1745627427398 17.0 17
1745627436966 18.0 18
1745627446725 19.0 19
1745627456335 20.0 20
1745627466030 21.0 21
1745627475619 22.0 22
1745627485263 23.0 23
1745627494961 24.0 24
1745627504582 25.0 25
1745627514269 26.0 26
1745627523970 27.0 27
1745627534050 28.0 28
1745627543634 29.0 29
1745627553284 30.0 30
1745627563027 31.0 31
1745627572906 32.0 32
1745627582693 33.0 33
1745627592452 34.0 34
1745627602184 35.0 35
1745627611945 36.0 36
1745627621787 37.0 37
1745627631517 38.0 38
1745627641229 39.0 39
1745627650996 40.0 40
1745627660783 41.0 41
1745627670560 42.0 42
1745627680511 43.0 43
1745627690359 44.0 44
1745627700149 45.0 45
1745627709958 46.0 46
1745627719780 47.0 47
1745627729691 48.0 48
1745627739539 49.0 49
