1745627260463 0.0006490958039648831 0
1745627270494 0.004663845058530569 1
1745627280053 0.02858625166118145 2
1745627289510 0.39414796233177185 3
1745627299164 3.168084144592285 4
1745627309327 16.70329475402832 5
1745627319505 32.651824951171875 6
1745627329218 25.73186492919922 7
1745627339193 33.396026611328125 8
1745627348744 26.280061721801758 9
1745627358471 29.73196029663086 10
1745627368584 29.188678741455078 11
1745627378192 27.589374542236328 12
1745627387992 25.19366455078125 13
1745627397735 27.44257354736328 14
1745627407722 25.361778259277344 15
1745627417414 28.1469669342041 16
1745627427398 28.40008544921875 17
1745627436966 30.18421745300293 18
1745627446725 26.975685119628906 19
1745627456335 32.8346061706543 20
1745627466030 28.690114974975586 21
1745627475619 29.494060516357422 22
1745627485263 26.872024536132812 23
1745627494961 27.958240509033203 24
1745627504582 29.53511619567871 25
1745627514269 28.472576141357422 26
1745627523970 27.968847274780273 27
1745627534050 27.196544647216797 28
1745627543634 29.89731216430664 29
1745627553284 33.768768310546875 30
1745627563027 27.797197341918945 31
1745627572906 27.83183479309082 32
1745627582693 30.22793197631836 33
1745627592452 28.585601806640625 34
1745627602184 27.10564422607422 35
1745627611945 29.445825576782227 36
1745627621787 31.2259521484375 37
1745627631517 26.588544845581055 38
1745627641229 28.672256469726562 39
1745627650996 27.326845169067383 40
1745627660783 28.77558708190918 41
1745627670560 28.001983642578125 42
1745627680511 26.026321411132812 43
1745627690359 27.846271514892578 44
1745627700149 30.17584800720215 45
1745627709958 33.957889556884766 46
1745627719780 26.73383903503418 47
1745627729691 29.006242752075195 48
1745627739539 29.16455841064453 49
