1745627260463 0.006348257884383202 0
1745627270494 0.006247762590646744 1
1745627280053 0.004937643185257912 2
1745627289510 0.06399426609277725 3
1745627299164 0.21549490094184875 4
1745627309327 0.4470337927341461 5
1745627319505 0.7200987339019775 6
1745627329218 0.7538034915924072 7
1745627339193 0.739593505859375 8
1745627348744 0.742856502532959 9
1745627358471 0.7553800940513611 10
1745627368584 0.7527720332145691 11
1745627378192 0.7450756430625916 12
1745627387992 0.7491925358772278 13
1745627397735 0.749258816242218 14
1745627407722 0.7461569905281067 15
1745627417414 0.7454071044921875 16
1745627427398 0.751241147518158 17
1745627436966 0.738474428653717 18
1745627446725 0.752160906791687 19
1745627456335 0.7514243125915527 20
1745627466030 0.7511069178581238 21
1745627475619 0.7434460520744324 22
1745627485263 0.747601330280304 23
1745627494961 0.75379478931427 24
1745627504582 0.738135814666748 25
1745627514269 0.7567698359489441 26
1745627523970 0.7416162490844727 27
1745627534050 0.7528498768806458 28
1745627543634 0.7487465143203735 29
1745627553284 0.7533453702926636 30
1745627563027 0.74397873878479 31
1745627572906 0.7540836334228516 32
1745627582693 0.7543610334396362 33
1745627592452 0.7493014335632324 34
1745627602184 0.7487866878509521 35
1745627611945 0.7493560314178467 36
1745627621787 0.7466729283332825 37
1745627631517 0.7502098679542542 38
1745627641229 0.7524458169937134 39
1745627650996 0.7383018732070923 40
1745627660783 0.7538599967956543 41
1745627670560 0.7522186040878296 42
1745627680511 0.7553211450576782 43
1745627690359 0.7410139441490173 44
1745627700149 0.7550159096717834 45
1745627709958 0.7495591044425964 46
1745627719780 0.7445662021636963 47
1745627729691 0.7555558085441589 48
1745627739539 0.7426109910011292 49
