1745627260463 7.550006866455078 0
1745627270494 7.550002098083496 1
1745627280053 7.549917221069336 2
1745627289510 7.545278072357178 3
1745627299164 7.48592472076416 4
1745627309327 7.134411334991455 5
1745627319505 6.811839580535889 6
1745627329218 6.812685966491699 7
1745627339193 6.962989807128906 8
1745627348744 6.468226432800293 9
1745627358471 6.548571586608887 10
1745627368584 6.3616461753845215 11
1745627378192 5.868467330932617 12
1745627387992 6.163811206817627 13
1745627397735 6.139006614685059 14
1745627407722 5.817234992980957 15
1745627417414 5.90075159072876 16
1745627427398 6.262145042419434 17
1745627436966 5.545373439788818 18
1745627446725 5.623137474060059 19
1745627456335 6.226534366607666 20
1745627466030 5.989185333251953 21
1745627475619 5.9333271980285645 22
1745627485263 5.778121471405029 23
1745627494961 5.278670787811279 24
1745627504582 5.594214916229248 25
1745627514269 6.405194282531738 26
1745627523970 6.105290412902832 27
1745627534050 5.482485771179199 28
1745627543634 4.953155040740967 29
1745627553284 5.351925849914551 30
1745627563027 5.609417915344238 31
1745627572906 5.232992172241211 32
1745627582693 6.142995357513428 33
1745627592452 5.671795845031738 34
1745627602184 5.856874465942383 35
1745627611945 5.330612659454346 36
1745627621787 5.356504440307617 37
1745627631517 5.3361616134643555 38
1745627641229 5.915035247802734 39
1745627650996 5.5129289627075195 40
1745627660783 5.054455757141113 41
1745627670560 5.443296432495117 42
1745627680511 5.978737831115723 43
1745627690359 5.7641143798828125 44
1745627700149 5.223226070404053 45
1745627709958 5.810730934143066 46
1745627719780 5.429715633392334 47
1745627729691 5.637719631195068 48
1745627739539 5.838445663452148 49
