1745627260463 0.010753839276731014 0
1745627270494 0.021098118275403976 1
1745627280053 -0.01756167598068714 2
1745627289510 0.060891490429639816 3
1745627299164 0.2559150755405426 4
1745627309327 0.32440367341041565 5
1745627319505 0.4095442295074463 6
1745627329218 0.46685242652893066 7
1745627339193 0.49365687370300293 8
1745627348744 0.5443357229232788 9
1745627358471 0.5725265741348267 10
1745627368584 0.5625963807106018 11
1745627378192 0.5844881534576416 12
1745627387992 0.5835342407226562 13
1745627397735 0.5542320609092712 14
1745627407722 0.5989894866943359 15
1745627417414 0.577892541885376 16
1745627427398 0.5967192649841309 17
1745627436966 0.5930461287498474 18
1745627446725 0.594346284866333 19
1745627456335 0.603926956653595 20
1745627466030 0.6111436486244202 21
1745627475619 0.616385281085968 22
1745627485263 0.6345224380493164 23
1745627494961 0.6187118887901306 24
1745627504582 0.6277403235435486 25
1745627514269 0.6130979061126709 26
1745627523970 0.6397577524185181 27
1745627534050 0.6172378659248352 28
1745627543634 0.6448538899421692 29
1745627553284 0.618614137172699 30
1745627563027 0.6320773959159851 31
1745627572906 0.619076132774353 32
1745627582693 0.6263006925582886 33
1745627592452 0.6115723252296448 34
1745627602184 0.6411758065223694 35
1745627611945 0.6215707659721375 36
1745627621787 0.6339896321296692 37
1745627631517 0.6462537050247192 38
1745627641229 0.635600209236145 39
1745627650996 0.6108095049858093 40
1745627660783 0.6207685470581055 41
1745627670560 0.6508048176765442 42
1745627680511 0.6542087197303772 43
1745627690359 0.6472814679145813 44
1745627700149 0.6377636194229126 45
1745627709958 0.6427561044692993 46
1745627719780 0.6566327810287476 47
1745627729691 0.6488456130027771 48
1745627739539 0.6521596908569336 49
