1745627260463 0.7503211498260498 0
1745627270494 0.7490751147270203 1
1745627280053 0.7497793436050415 2
1745627289510 0.7483428716659546 3
1745627299164 0.7496890425682068 4
1745627309327 0.7480531334877014 5
1745627319505 0.7494775056838989 6
1745627329218 0.7485475540161133 7
1745627339193 0.7479113340377808 8
1745627348744 0.7481352090835571 9
1745627358471 0.7494319677352905 10
1745627368584 0.7509584426879883 11
1745627378192 0.7485126256942749 12
1745627387992 0.7492819428443909 13
1745627397735 0.7503767013549805 14
1745627407722 0.7473880052566528 15
1745627417414 0.7471500039100647 16
1745627427398 0.7466166019439697 17
1745627436966 0.7491693496704102 18
1745627446725 0.7496528625488281 19
1745627456335 0.749701976776123 20
1745627466030 0.7484865188598633 21
1745627475619 0.7485098838806152 22
1745627485263 0.7486225962638855 23
1745627494961 0.74854576587677 24
1745627504582 0.7481785416603088 25
1745627514269 0.7479767799377441 26
1745627523970 0.7482630014419556 27
1745627534050 0.7495394349098206 28
1745627543634 0.7495032548904419 29
1745627553284 0.7491730451583862 30
1745627563027 0.7498922348022461 31
1745627572906 0.7508013248443604 32
1745627582693 0.7498797178268433 33
1745627592452 0.7492172718048096 34
1745627602184 0.749039888381958 35
1745627611945 0.7494202852249146 36
1745627621787 0.750353991985321 37
1745627631517 0.7502454519271851 38
1745627641229 0.7481781244277954 39
1745627650996 0.7490606307983398 40
1745627660783 0.7491115927696228 41
1745627670560 0.7505255937576294 42
1745627680511 0.7495030760765076 43
1745627690359 0.7493048310279846 44
1745627700149 0.7483401894569397 45
1745627709958 0.7494911551475525 46
1745627719780 0.7496803998947144 47
1745627729691 0.7504766583442688 48
1745627739539 0.7485283017158508 49
