1745625934239 10.312577486038208 0
1745625944910 10.172514200210571 1
1745625955381 10.430083274841309 2
1745625966551 10.781457424163818 3
1745625977902 10.822754383087158 4
1745625988472 10.03398847579956 5
1745625998321 9.804364681243896 6
1745626008723 10.014777183532715 7
1745626018737 9.969395399093628 8
1745626028892 10.109598398208618 9
1745626038988 10.048097372055054 10
1745626049380 10.344316005706787 11
1745626059830 10.398045063018799 12
1745626070071 10.189427852630615 13
1745626079866 9.744169235229492 14
