1745625934239 0.011175936087965965 0
1745625944910 0.11194337904453278 1
1745625955381 3.18035888671875 2
1745625966551 33.66178894042969 3
1745625977902 27.819746017456055 4
1745625988472 29.891986846923828 5
1745625998321 31.890729904174805 6
1745626008723 34.70844650268555 7
1745626018737 33.431549072265625 8
1745626028892 32.21022033691406 9
1745626038988 40.603572845458984 10
1745626049380 38.30635070800781 11
1745626059830 35.69377517700195 12
1745626070071 35.585838317871094 13
1745626079866 35.581932067871094 14
