1745625934239 0.04696692153811455 0
1745625944910 0.046179044991731644 1
1745625955381 0.22848543524742126 2
1745625966551 0.612220823764801 3
1745625977902 0.7655515074729919 4
1745625988472 0.7431864142417908 5
1745625998321 0.7370076775550842 6
1745626008723 0.7420634031295776 7
1745626018737 0.7481791973114014 8
1745626028892 0.743009090423584 9
1745626038988 0.7375833988189697 10
1745626049380 0.743483304977417 11
1745626059830 0.7537641525268555 12
1745626070071 0.7363775968551636 13
1745626079866 0.7357544302940369 14
