1745625934239 14.100005149841309 0
1745625944910 14.0986328125 1
1745625955381 13.98802375793457 2
1745625966551 13.485713005065918 3
1745625977902 13.285639762878418 4
1745625988472 12.703975677490234 5
1745625998321 12.23481273651123 6
1745626008723 12.403144836425781 7
1745626018737 12.037656784057617 8
1745626028892 10.929396629333496 9
1745626038988 11.904637336730957 10
1745626049380 11.295093536376953 11
1745626059830 11.963359832763672 12
1745626070071 11.192875862121582 13
1745626079866 11.145309448242188 14
