1745625934239 0.024975424632430077 0
1745625944910 0.04232782498002052 1
1745625955381 0.19096988439559937 2
1745625966551 0.2849484980106354 3
1745625977902 0.41926541924476624 4
1745625988472 0.4548660218715668 5
1745625998321 0.484652578830719 6
1745626008723 0.504679262638092 7
1745626018737 0.5171443223953247 8
1745626028892 0.5299452543258667 9
1745626038988 0.5361034274101257 10
1745626049380 0.5606955289840698 11
1745626059830 0.5722010135650635 12
1745626070071 0.5679832100868225 13
1745626079866 0.5671794414520264 14
