1745625934239 0.7440440654754639 0
1745625944910 0.7423273324966431 1
1745625955381 0.7447124719619751 2
1745625966551 0.7439315915107727 3
1745625977902 0.7434790730476379 4
1745625988472 0.7431937456130981 5
1745625998321 0.7445350289344788 6
1745626008723 0.7432205677032471 7
1745626018737 0.7437854409217834 8
1745626028892 0.7436493635177612 9
1745626038988 0.7437418699264526 10
1745626049380 0.742742121219635 11
1745626059830 0.744257926940918 12
1745626070071 0.7427244782447815 13
1745626079866 0.743743360042572 14
