9.7178e-01
6.2507e-01
8.9495e-01
6.7357e-01
9.6528e-01
6.5551e-01
8.6408e-01
8.9903e-01
7.3587e-01
7.5890e-01
1.0104e+00
6.8551e-01
5.1817e-01
6.9834e-01
6.7052e-01
6.0917e-01
7.7202e-01
6.4601e-01
6.2266e-01
7.4630e-01
5.5378e-01
9.5153e-01
6.4654e-01
9.5314e-01
7.8780e-01
1.0167e+00
9.7131e-01
8.9903e-01
8.2620e-01
5.6541e-01
6.7544e-01
6.9836e-01
8.1352e-01
8.3497e-01
8.2112e-01
6.8786e-01
8.7811e-01
5.9008e-01
8.8428e-01
7.4754e-01
9.0413e-01
7.1605e-01
8.9853e-01
5.8045e-01
7.2493e-01
1.0169e+00
9.9100e-01
7.7211e-01
9.1869e-01
7.3695e-01
8.3665e-01
4.3162e-01
9.2232e-01
7.8049e-01
8.7811e-01
8.2620e-01
7.1036e-01
8.1352e-01
6.5016e-01
7.5890e-01
8.8287e-01
6.8639e-01
9.0393e-01
9.0393e-01
7.1724e-01
8.6240e-01
9.3417e-01
5.8402e-01
6.5309e-01
7.7211e-01
6.8639e-01
6.9581e-01
8.7903e-01
4.9994e-01
8.3718e-01
5.5546e-01
9.0892e-01
7.3587e-01
4.9994e-01
1.0290e+00
7.3807e-01
7.1936e-01
6.8896e-01
6.4654e-01
9.4544e-01
8.8475e-01
7.1936e-01
8.8683e-01
4.5928e-01
8.9495e-01
8.8683e-01
9.3193e-01
8.2923e-01
8.2426e-01
8.1632e-01
7.5589e-01
4.6941e-01
1.0094e+00
6.7735e-01
7.6501e-01
6.0002e-01
6.5928e-01
7.4362e-01
8.3349e-01
7.3268e-01
8.3665e-01
8.8030e-01
7.9655e-01
6.7735e-01
6.5309e-01
6.4349e-01
6.9413e-01
7.0048e-01
9.3879e-01
6.1851e-01
5.2661e-01
8.7037e-01
8.7574e-01
6.2471e-01
9.0696e-01
7.3392e-01
6.4601e-01
9.1768e-01
9.9219e-01
7.4754e-01
8.0713e-01
7.6501e-01
6.4934e-01
7.0234e-01
6.9836e-01
7.7202e-01
7.6662e-01
9.6676e-01
5.2864e-01
1.0509e+00
1.0022e+00
9.4544e-01
6.0917e-01
8.5326e-01
7.4171e-01
7.7257e-01
8.1045e-01
7.6084e-01
7.0330e-01
8.6842e-01
8.8030e-01
7.0048e-01
7.1352e-01
7.7577e-01
8.7574e-01
6.0002e-01
6.2471e-01
7.6662e-01
6.5813e-01
8.2112e-01
9.1137e-01
6.7669e-01
8.1528e-01
4.7839e-01
6.3650e-01
9.8415e-01
1.0454e+00
1.0509e+00
5.6534e-01
5.8007e-01
5.2041e-01
5.4310e-01
6.0301e-01
5.6541e-01
5.6806e-01
6.1432e-01
4.8640e-01
3.7039e-01
7.1352e-01
8.0022e-01
8.0390e-01
6.4349e-01
8.8338e-01
7.6101e-01
8.3349e-01
6.7544e-01
8.7037e-01
1.0124e+00
7.4630e-01
9.2878e-01
6.4934e-01
9.3417e-01
5.8007e-01
5.8045e-01
6.9432e-01
5.2607e-01
8.5326e-01
9.3740e-01
6.8551e-01
6.5566e-01
9.6676e-01
7.9655e-01
8.2426e-01
1.0022e+00
7.2605e-01
7.3268e-01
5.9873e-01
7.0825e-01
7.3392e-01
8.3223e-01
9.6528e-01
7.1036e-01
7.5589e-01
7.7748e-01
6.4077e-01
7.6643e-01
4.8640e-01
9.2755e-01
6.9432e-01
8.6370e-01
8.0390e-01
8.6408e-01
7.6084e-01
9.1768e-01
8.2951e-01
9.0137e-01
5.2864e-01
9.2232e-01
8.3916e-01
5.1817e-01
7.6643e-01
8.1632e-01
8.7185e-01
9.9100e-01
6.2441e-01
7.5928e-01
9.5255e-01
7.5928e-01
7.0916e-01
9.5153e-01
5.9008e-01
9.9219e-01
6.0714e-01
6.5551e-01
8.8287e-01
8.9850e-01
3.4803e-01
8.3497e-01
5.2706e-01
9.4793e-01
1.0104e+00
4.7839e-01
6.9581e-01
5.8402e-01
6.5016e-01
6.0714e-01
8.8644e-01
7.7837e-01
7.4362e-01
6.4826e-01
8.4908e-01
7.8780e-01
8.4164e-01
7.7896e-01
6.8896e-01
8.2951e-01
4.3162e-01
8.1045e-01
9.0568e-01
7.2493e-01
6.5813e-01
6.7052e-01
6.1919e-01
9.7989e-01
1.0060e+00
7.1091e-01
6.2441e-01
8.6842e-01
7.1091e-01
7.0825e-01
6.9834e-01
7.8049e-01
6.6324e-01
8.3223e-01
9.1959e-01
7.3807e-01
7.7748e-01
6.1432e-01
6.1919e-01
4.6941e-01
7.0330e-01
7.4171e-01
8.3718e-01
6.7357e-01
5.2607e-01
6.9413e-01
9.5204e-01
6.4077e-01
8.4164e-01
8.3916e-01
9.1959e-01
9.0568e-01
1.0060e+00
7.5741e-01
6.6324e-01
5.5378e-01
6.5566e-01
8.2997e-01
8.6370e-01
5.2661e-01
7.7577e-01
5.2041e-01
6.5928e-01
6.7669e-01
9.1137e-01
9.8415e-01
9.7178e-01
9.0137e-01
5.0978e-01
1.0167e+00
9.3193e-01
7.1724e-01
7.7257e-01
7.0234e-01
7.1605e-01
6.0301e-01
9.1869e-01
1.0094e+00
7.7896e-01
9.2730e-01
7.7837e-01
8.8428e-01
8.2412e-01
5.2706e-01
6.6781e-01
6.6781e-01
8.8338e-01
9.7989e-01
