1744851562543 8.10984992980957 0
1744851570936 7.874444246292114 1
1744851579322 8.339793682098389 2
1744851587814 8.439768552780151 3
1744851596510 8.643046617507935 4
1744851605101 8.53549337387085 5
1744851613923 8.462520599365234 6
1744851622875 8.417096853256226 7
1744851631826 8.604679822921753 8
1744851640915 8.560740947723389 9
1744851649907 8.64326786994934 10
1744851658795 8.348265886306763 11
1744851667876 8.543874502182007 12
1744851676256 8.323294162750244 13
1744851684907 8.591965675354004 14
1744851693601 8.635710954666138 15
1744851702447 8.479509592056274 16
1744851710857 8.356708288192749 17
1744851719406 8.490880012512207 18
1744851728295 8.527792692184448 19
1744851736707 8.356314182281494 20
1744851745486 8.721278429031372 21
1744851753987 8.442802429199219 22
1744851762686 8.638689279556274 23
1744851771314 8.566307544708252 24
