1744851562543 0.0 0
1744851570936 1.0 1
1744851579322 2.0 2
1744851587814 3.0 3
1744851596510 4.0 4
1744851605101 5.0 5
1744851613923 6.0 6
1744851622875 7.0 7
1744851631826 8.0 8
1744851640915 9.0 9
1744851649907 10.0 10
1744851658795 11.0 11
1744851667876 12.0 12
1744851676256 13.0 13
1744851684907 14.0 14
1744851693601 15.0 15
1744851702447 16.0 16
1744851710857 17.0 17
1744851719406 18.0 18
1744851728295 19.0 19
1744851736707 20.0 20
1744851745486 21.0 21
1744851753987 22.0 22
1744851762686 23.0 23
1744851771314 24.0 24
