1744851562543 0.0015568382805213332 0
1744851570936 0.0031294128857553005 1
1744851579322 0.006803744938224554 2
1744851587814 0.07027450203895569 3
1744851596510 0.21203069388866425 4
1744851605101 0.4354708194732666 5
1744851613923 0.8922825455665588 6
1744851622875 1.5494946241378784 7
1744851631826 2.404930830001831 8
1744851640915 4.139388561248779 9
1744851649907 6.375423431396484 10
1744851658795 9.895092010498047 11
1744851667876 15.746076583862305 12
1744851676256 23.319244384765625 13
1744851684907 34.72985076904297 14
1744851693601 48.150394439697266 15
1744851702447 60.525489807128906 16
1744851710857 67.8944091796875 17
1744851719406 77.09049987792969 18
1744851728295 84.82402038574219 19
1744851736707 99.29489135742188 20
1744851745486 110.02438354492188 21
1744851753987 123.0260009765625 22
1744851762686 137.40887451171875 23
1744851771314 142.65306091308594 24
