1744851562543 -0.028660185635089874 0
1744851570936 -0.028413968160748482 1
1744851579322 -0.028192434459924698 2
1744851587814 -0.023491136729717255 3
1744851596510 -0.004342994652688503 4
1744851605101 0.024579156190156937 5
1744851613923 0.0592477023601532 6
1744851622875 0.09844445437192917 7
1744851631826 0.14119598269462585 8
1744851640915 0.1875423789024353 9
1744851649907 0.2380412071943283 10
1744851658795 0.29255586862564087 11
1744851667876 0.3493061065673828 12
1744851676256 0.4115024507045746 13
1744851684907 0.4711821675300598 14
1744851693601 0.533660352230072 15
1744851702447 0.5957451462745667 16
1744851710857 0.6542168259620667 17
1744851719406 0.6936900019645691 18
1744851728295 0.7195432186126709 19
1744851736707 0.7277706861495972 20
1744851745486 0.7345547676086426 21
1744851753987 0.7358348369598389 22
1744851762686 0.7374107837677002 23
1744851771314 0.7349504232406616 24
