1744851562543 40.299949645996094 0
1744851570936 40.299949645996094 1
1744851579322 40.29994583129883 2
1744851587814 40.29987716674805 3
1744851596510 40.29891586303711 4
1744851605101 40.29765701293945 5
1744851613923 40.295257568359375 6
1744851622875 40.290645599365234 7
1744851631826 40.282127380371094 8
1744851640915 40.261295318603516 9
1744851649907 40.22975158691406 10
1744851658795 40.216575622558594 11
1744851667876 40.15792465209961 12
1744851676256 39.92793655395508 13
1744851684907 39.79752731323242 14
1744851693601 39.40614700317383 15
1744851702447 39.215003967285156 16
1744851710857 39.098060607910156 17
1744851719406 39.01951599121094 18
1744851728295 38.25649642944336 19
1744851736707 38.036861419677734 20
1744851745486 37.92250061035156 21
1744851753987 38.3337287902832 22
1744851762686 37.7181510925293 23
1744851771314 36.75000762939453 24
