1744851562543 -0.062226634472608566 0
1744851570936 0.022795258089900017 1
1744851579322 0.06219366192817688 2
1744851587814 0.021445555612444878 3
1744851596510 0.06564748287200928 4
1744851605101 0.18618859350681305 5
1744851613923 0.3017524480819702 6
1744851622875 0.3806934058666229 7
1744851631826 0.4119197428226471 8
1744851640915 0.4559958577156067 9
1744851649907 0.5122398138046265 10
1744851658795 0.49969130754470825 11
1744851667876 0.5347334146499634 12
1744851676256 0.5313866138458252 13
1744851684907 0.5607432126998901 14
1744851693601 0.549643337726593 15
1744851702447 0.5683795213699341 16
1744851710857 0.5545944571495056 17
1744851719406 0.5647213459014893 18
1744851728295 0.5778765678405762 19
1744851736707 0.5974553823471069 20
1744851745486 0.596086323261261 21
1744851753987 0.585079550743103 22
1744851762686 0.6120032072067261 23
1744851771314 0.6061152815818787 24
