1744851562543 0.7435799837112427 0
1744851570936 0.7447347044944763 1
1744851579322 0.7455075979232788 2
1744851587814 0.744793176651001 3
1744851596510 0.7441366314888 4
1744851605101 0.7438631057739258 5
1744851613923 0.7440787553787231 6
1744851622875 0.744483470916748 7
1744851631826 0.7441369295120239 8
1744851640915 0.7458364963531494 9
1744851649907 0.7467865943908691 10
1744851658795 0.7436732053756714 11
1744851667876 0.7442708015441895 12
1744851676256 0.7453357577323914 13
1744851684907 0.7463273406028748 14
1744851693601 0.7447994947433472 15
1744851702447 0.743818998336792 16
1744851710857 0.7458974719047546 17
1744851719406 0.7441996335983276 18
1744851728295 0.7439369559288025 19
1744851736707 0.742680013179779 20
1744851745486 0.7443403601646423 21
1744851753987 0.7445250749588013 22
1744851762686 0.7452635765075684 23
1744851771314 0.7446344494819641 24
