9.5791e-01
5.7896e-01
8.0808e-01
4.6018e-01
9.0056e-01
4.3488e-01
8.4566e-01
7.7853e-01
7.1757e-01
7.5191e-01
8.9995e-01
9.3515e-01
3.5012e-01
3.7852e-01
4.8483e-01
4.9833e-01
6.5510e-01
4.3869e-01
3.9265e-01
4.4718e-01
6.4263e-01
8.8557e-01
3.7078e-01
7.9251e-01
5.7748e-01
7.6536e-01
8.8224e-01
7.7853e-01
8.6201e-01
3.8437e-01
3.1106e-01
6.0997e-01
6.5826e-01
6.9720e-01
6.0827e-01
4.6336e-01
6.7971e-01
4.1813e-01
6.4212e-01
4.7711e-01
7.3519e-01
8.2331e-01
8.2595e-01
5.8250e-01
5.7453e-01
8.4757e-01
8.7640e-01
5.0482e-01
6.9084e-01
4.7206e-01
6.6862e-01
5.7877e-01
9.6101e-01
4.4296e-01
6.7971e-01
8.6201e-01
4.9896e-01
6.5826e-01
3.8670e-01
7.5191e-01
9.5805e-01
6.0009e-01
6.9677e-01
6.9677e-01
5.4471e-01
6.5595e-01
7.1525e-01
4.6460e-01
8.6582e-01
5.0482e-01
6.0009e-01
6.8338e-01
9.2581e-01
4.0877e-01
7.7655e-01
4.2737e-01
8.5650e-01
7.1757e-01
4.0877e-01
9.9131e-01
5.4097e-01
5.4295e-01
4.4799e-01
3.7078e-01
7.5463e-01
8.3570e-01
5.4295e-01
7.3059e-01
8.9674e-01
8.0808e-01
7.3059e-01
8.7231e-01
5.9997e-01
5.7339e-01
9.3070e-01
6.0039e-01
3.4637e-01
9.8311e-01
4.0995e-01
6.4621e-01
5.3262e-01
5.4862e-01
6.1536e-01
8.9298e-01
8.1123e-01
6.6862e-01
8.0468e-01
6.1866e-01
4.0995e-01
8.6582e-01
5.0178e-01
7.0098e-01
4.9685e-01
9.1229e-01
5.8140e-01
4.4231e-01
6.0347e-01
9.0608e-01
5.2493e-01
6.8079e-01
6.3403e-01
4.3869e-01
8.9294e-01
9.7068e-01
4.7711e-01
7.4912e-01
6.4621e-01
5.3077e-01
7.3309e-01
6.0997e-01
6.5510e-01
5.6734e-01
6.6342e-01
4.1962e-01
9.1570e-01
9.4827e-01
7.5463e-01
4.9833e-01
6.4992e-01
6.8190e-01
4.2153e-01
6.2149e-01
5.6863e-01
3.6188e-01
8.9013e-01
8.0468e-01
4.9685e-01
5.3107e-01
7.3672e-01
9.0608e-01
5.3262e-01
5.2493e-01
5.6734e-01
4.8198e-01
6.0827e-01
8.8176e-01
6.4295e-01
5.8318e-01
1.9324e-01
4.5539e-01
8.5544e-01
9.7430e-01
9.1570e-01
5.0465e-01
3.6974e-01
4.4765e-01
3.8125e-01
5.0444e-01
3.8437e-01
6.0508e-01
4.8301e-01
3.9020e-01
7.1326e-02
5.3107e-01
7.5403e-01
6.2492e-01
5.0178e-01
7.0855e-01
6.5872e-01
8.9298e-01
3.1106e-01
6.0347e-01
9.4544e-01
4.4718e-01
9.3040e-01
5.3077e-01
7.1525e-01
3.6974e-01
5.8250e-01
6.4425e-01
4.2645e-01
6.4992e-01
9.6557e-01
9.3515e-01
3.7759e-01
6.6342e-01
6.1866e-01
5.7339e-01
9.4827e-01
4.3253e-01
8.1123e-01
6.5857e-01
3.9768e-01
6.3403e-01
9.6717e-01
9.0056e-01
4.9896e-01
6.0039e-01
7.6694e-01
4.5270e-01
6.8935e-01
3.9020e-01
6.3219e-01
6.4425e-01
8.0225e-01
6.2492e-01
8.4566e-01
5.6863e-01
8.9294e-01
9.7595e-01
8.5896e-01
4.1962e-01
9.6101e-01
7.6129e-01
3.5012e-01
6.8935e-01
9.3070e-01
6.7210e-01
8.7640e-01
5.9912e-01
6.5648e-01
6.5529e-01
6.5648e-01
6.3783e-01
8.8557e-01
4.1813e-01
9.7068e-01
6.2539e-01
4.3488e-01
9.5805e-01
7.6664e-01
3.1686e-01
6.9720e-01
4.7014e-01
9.6495e-01
8.9995e-01
1.9324e-01
6.8338e-01
4.6460e-01
3.8670e-01
6.2539e-01
8.1211e-01
7.3441e-01
6.1536e-01
6.2134e-01
7.4250e-01
5.7748e-01
7.4444e-01
7.3972e-01
4.4799e-01
9.7595e-01
5.7877e-01
6.2149e-01
6.2061e-01
5.7453e-01
4.8198e-01
4.8483e-01
3.4373e-01
9.4681e-01
9.8064e-01
4.4643e-01
5.9912e-01
8.9013e-01
4.4643e-01
3.9768e-01
3.7852e-01
4.4296e-01
4.4602e-01
9.6717e-01
6.2664e-01
5.4097e-01
7.6694e-01
4.8301e-01
3.4373e-01
3.4637e-01
3.6188e-01
6.8190e-01
7.7655e-01
4.6018e-01
4.2645e-01
7.0098e-01
9.3788e-01
4.5270e-01
7.4444e-01
7.6129e-01
6.2664e-01
6.2061e-01
9.8064e-01
3.5515e-01
4.4602e-01
6.4263e-01
3.7759e-01
8.8666e-01
8.0225e-01
4.4231e-01
7.3672e-01
4.4765e-01
5.4862e-01
6.4295e-01
8.8176e-01
8.5544e-01
9.5791e-01
8.5896e-01
7.4513e-01
7.6536e-01
8.7231e-01
5.4471e-01
4.2153e-01
7.3309e-01
8.2331e-01
5.0444e-01
6.9084e-01
9.8311e-01
7.3972e-01
8.5711e-01
7.3441e-01
6.4212e-01
7.1326e-01
4.7014e-01
5.8308e-01
5.8308e-01
7.0855e-01
9.4681e-01
