1.0480e+00
9.4025e-01
1.0057e+00
9.2097e-01
9.1457e-01
8.8109e-01
9.9463e-01
9.6641e-01
9.2914e-01
9.9873e-01
1.0280e+00
9.8335e-01
8.5249e-01
9.1665e-01
7.9116e-01
9.1656e-01
9.4936e-01
9.1026e-01
8.8226e-01
9.5160e-01
8.8003e-01
1.0291e+00
9.2764e-01
1.0380e+00
9.5491e-01
9.5950e-01
9.9973e-01
9.6641e-01
9.9125e-01
8.7559e-01
8.4834e-01
9.4293e-01
9.7277e-01
9.9417e-01
9.3447e-01
8.9388e-01
1.0011e+00
8.9427e-01
9.8996e-01
9.2138e-01
1.0161e+00
9.4082e-01
1.0283e+00
9.9142e-01
9.4281e-01
1.0423e+00
1.0229e+00
8.9730e-01
9.8842e-01
9.0889e-01
1.0129e+00
9.2755e-01
1.0216e+00
9.4740e-01
1.0011e+00
9.9125e-01
9.2438e-01
9.7277e-01
8.9920e-01
9.9873e-01
1.0191e+00
9.4670e-01
9.7820e-01
9.7820e-01
9.7929e-01
9.8006e-01
8.1218e-01
8.5690e-01
9.9551e-01
8.9730e-01
9.4670e-01
9.1642e-01
1.0393e+00
8.3521e-01
1.0278e+00
9.2359e-01
1.0374e+00
9.2914e-01
8.3521e-01
1.0336e+00
9.2940e-01
9.3347e-01
9.7453e-01
9.2764e-01
9.7103e-01
9.8581e-01
9.3347e-01
1.0388e+00
1.0159e+00
1.0057e+00
1.0388e+00
9.8392e-01
1.0033e+00
1.0261e+00
9.7101e-01
9.3442e-01
8.3568e-01
1.0558e+00
9.8721e-01
8.5005e-01
9.1799e-01
9.4962e-01
9.5154e-01
1.0186e+00
9.8706e-01
1.0129e+00
9.9039e-01
8.7644e-01
9.8721e-01
9.9551e-01
8.9227e-01
9.0352e-01
9.2900e-01
1.0431e+00
8.9932e-01
8.0004e-01
9.8698e-01
1.0415e+00
9.0895e-01
1.0285e+00
9.8202e-01
9.1026e-01
1.0320e+00
1.0492e+00
9.2138e-01
9.9362e-01
8.5005e-01
9.4106e-01
9.6744e-01
9.4293e-01
9.4936e-01
9.1482e-01
1.0183e+00
8.7090e-01
1.0429e+00
1.0395e+00
9.7103e-01
9.1656e-01
1.0237e+00
9.7423e-01
9.5172e-01
9.9640e-01
9.2051e-01
9.1350e-01
9.6010e-01
9.9039e-01
9.2900e-01
9.0918e-01
9.4816e-01
1.0415e+00
9.1799e-01
9.0895e-01
9.1482e-01
9.2045e-01
9.3447e-01
1.0139e+00
9.3493e-01
9.7935e-01
7.3334e-01
8.8554e-01
1.0068e+00
1.0534e+00
1.0429e+00
8.6882e-01
8.2971e-01
8.0596e-01
8.8647e-01
8.8619e-01
8.7559e-01
9.3620e-01
9.3174e-01
8.4041e-01
5.5076e-01
9.0918e-01
9.3066e-01
1.0255e+00
8.9227e-01
9.8328e-01
9.4242e-01
1.0186e+00
8.4834e-01
9.8698e-01
1.0376e+00
9.5160e-01
1.0449e+00
9.4106e-01
8.1218e-01
8.2971e-01
9.9142e-01
9.2159e-01
8.6070e-01
1.0237e+00
1.0293e+00
9.8335e-01
9.5078e-01
1.0183e+00
8.7644e-01
1.0261e+00
1.0395e+00
9.9198e-01
9.8706e-01
1.0306e+00
8.0707e-01
9.8202e-01
1.0438e+00
9.1457e-01
9.2438e-01
9.3442e-01
9.9150e-01
9.5887e-01
9.5860e-01
8.4041e-01
9.5103e-01
9.2159e-01
1.0553e+00
1.0255e+00
9.9463e-01
9.2051e-01
1.0320e+00
9.7446e-01
1.0209e+00
8.7090e-01
1.0216e+00
9.3739e-01
8.5249e-01
9.5860e-01
9.7101e-01
1.0330e+00
1.0229e+00
7.2620e-01
9.8613e-01
9.9952e-01
9.8613e-01
9.4718e-01
1.0291e+00
8.9427e-01
1.0492e+00
9.5153e-01
8.8109e-01
1.0191e+00
9.8375e-01
9.0599e-01
9.9417e-01
9.7420e-01
1.0467e+00
1.0280e+00
7.3334e-01
9.1642e-01
8.5690e-01
8.9920e-01
9.5153e-01
1.0362e+00
1.0162e+00
9.5154e-01
9.9059e-01
9.9651e-01
9.5491e-01
9.7721e-01
9.5351e-01
9.7453e-01
9.7446e-01
9.2755e-01
9.9640e-01
8.8856e-01
9.4281e-01
9.2045e-01
7.9116e-01
8.6490e-01
1.0485e+00
1.0544e+00
6.7801e-01
7.2620e-01
9.6010e-01
6.7801e-01
8.0707e-01
9.1665e-01
9.4740e-01
9.0417e-01
1.0438e+00
1.0283e+00
9.2940e-01
9.9150e-01
9.3174e-01
8.6490e-01
8.3568e-01
9.1350e-01
9.7423e-01
1.0278e+00
9.2097e-01
8.6070e-01
9.0352e-01
1.0487e+00
9.5887e-01
9.7721e-01
9.3739e-01
1.0283e+00
8.8856e-01
1.0544e+00
9.7512e-01
9.0417e-01
8.8003e-01
9.5078e-01
9.9036e-01
1.0553e+00
8.0004e-01
9.4816e-01
8.0596e-01
9.4962e-01
9.3493e-01
1.0139e+00
1.0068e+00
1.0480e+00
1.0209e+00
9.8193e-01
9.5950e-01
9.8392e-01
9.7929e-01
9.5172e-01
9.6744e-01
9.4082e-01
8.8619e-01
9.8842e-01
1.0558e+00
9.5351e-01
1.0214e+00
1.0162e+00
9.8996e-01
9.6796e-01
9.7420e-01
9.3495e-01
9.3495e-01
9.8328e-01
1.0485e+00
