7.4376e-01
4.9805e-01
7.9706e-01
6.1750e-01
6.6244e-01
4.1896e-01
7.4079e-01
4.5628e-01
3.4557e-01
8.8179e-01
8.9920e-01
6.0179e-01
3.9510e-01
5.6819e-01
2.8899e-01
5.5547e-01
6.1902e-01
4.3245e-01
5.5321e-01
5.1843e-01
4.5585e-01
8.4271e-01
2.1723e-01
9.3064e-01
4.1058e-01
8.2662e-01
6.3107e-01
4.5628e-01
7.4787e-01
3.4901e-01
5.7588e-02
3.5308e-01
8.0646e-01
6.8628e-01
4.4940e-01
3.2513e-01
7.3279e-01
3.9639e-01
4.9474e-01
4.6166e-01
8.0014e-01
8.9884e-01
8.4605e-01
6.1395e-01
5.3409e-01
9.0499e-01
7.1329e-01
3.4788e-01
8.2685e-01
4.4110e-01
7.9302e-01
4.7222e-01
8.8564e-01
6.1455e-01
7.3279e-01
7.4787e-01
3.8301e-01
8.0646e-01
3.6776e-01
8.8179e-01
5.3392e-01
4.0477e-01
6.3108e-01
6.3108e-01
3.4442e-01
3.0735e-01
2.7444e-01
4.5761e-01
6.3957e-01
3.4788e-01
4.0477e-01
7.6589e-01
9.0020e-01
3.0996e-01
8.4655e-01
4.5554e-01
8.9094e-01
3.4557e-01
3.0996e-01
9.2866e-01
5.1037e-01
5.0118e-01
6.4688e-01
2.1723e-01
3.9749e-01
5.2033e-01
5.0118e-01
7.0654e-01
5.8939e-01
7.9706e-01
7.0654e-01
8.6154e-01
8.4705e-01
5.1733e-01
7.4872e-01
5.7561e-01
1.8823e-01
8.8098e-01
5.3483e-01
6.2196e-01
4.1203e-01
6.9735e-01
8.4056e-01
6.9803e-01
6.1955e-01
7.9302e-01
6.4648e-01
7.4693e-01
5.3483e-01
6.3957e-01
4.8365e-01
5.2263e-01
4.2166e-01
8.8043e-01
7.2485e-01
2.2934e-01
7.7581e-01
8.3948e-01
5.6390e-01
8.1185e-01
5.1345e-01
4.3245e-01
7.6425e-01
9.3463e-01
4.6166e-01
8.4009e-01
6.2196e-01
6.0683e-01
5.1037e-01
3.5308e-01
6.1902e-01
4.0704e-01
8.6556e-01
2.3807e-01
9.0857e-01
9.2231e-01
3.9749e-01
5.5547e-01
8.1791e-01
5.8959e-01
5.7738e-01
8.1749e-01
4.9235e-01
4.7607e-01
8.0867e-01
6.4648e-01
4.2166e-01
2.3361e-01
4.0917e-01
8.3948e-01
4.1203e-01
5.6390e-01
4.0704e-01
6.0320e-01
4.4940e-01
8.0958e-01
6.7524e-01
5.8331e-01
2.2485e-01
3.7042e-01
8.4484e-01
9.2881e-01
9.0857e-01
2.3349e-01
3.0769e-01
3.6307e-01
2.2560e-01
4.4671e-01
3.4901e-01
2.5289e-01
4.1249e-01
2.7241e-01
1.7299e-01
2.3361e-01
4.8477e-01
3.8328e-01
4.8365e-01
7.6497e-01
7.1194e-01
6.9803e-01
5.7588e-02
7.7581e-01
8.4827e-01
5.1843e-01
8.1783e-01
6.0683e-01
2.7444e-01
3.0769e-01
6.1395e-01
5.3656e-01
2.5062e-01
8.1791e-01
9.1442e-01
6.0179e-01
4.3372e-01
8.6556e-01
7.4693e-01
5.1733e-01
9.2231e-01
4.9238e-01
6.1955e-01
1.3196e-01
6.3945e-02
5.1345e-01
8.6704e-01
6.6244e-01
3.8301e-01
5.7561e-01
7.8498e-01
2.7834e-01
6.5862e-01
2.7241e-01
5.2167e-01
5.3656e-01
4.5758e-01
3.8328e-01
7.4079e-01
4.9235e-01
7.6425e-01
3.8645e-01
7.6925e-01
2.3807e-01
8.8564e-01
6.1121e-01
3.9510e-01
6.5862e-01
7.4872e-01
4.8850e-01
7.1329e-01
6.5027e-01
6.0875e-01
8.4022e-01
6.0875e-01
4.9980e-01
8.4271e-01
3.9639e-01
9.3463e-01
5.1694e-01
4.1896e-01
5.3392e-01
7.7267e-01
2.6411e-01
6.8628e-01
5.3718e-01
9.1796e-01
8.9920e-01
2.2485e-01
7.6589e-01
4.5761e-01
3.6776e-01
5.1694e-01
8.5805e-01
7.9416e-01
8.4056e-01
5.1436e-01
6.1150e-01
4.1058e-01
6.9964e-01
4.7164e-01
6.4688e-01
3.8645e-01
4.7222e-01
8.1749e-01
4.6142e-01
5.3409e-01
6.0320e-01
2.8899e-01
3.4573e-01
8.1834e-01
9.2712e-01
4.7912e-01
6.5027e-01
8.0867e-01
4.7912e-01
6.3945e-02
5.6819e-01
6.1455e-01
4.2095e-01
8.6704e-01
5.6250e-01
5.1037e-01
7.8498e-01
4.1249e-01
3.4573e-01
1.8823e-01
4.7607e-01
5.8959e-01
8.4655e-01
6.1750e-01
2.5062e-01
5.2263e-01
9.0335e-01
2.7834e-01
6.9964e-01
6.1121e-01
5.6250e-01
4.6142e-01
9.2712e-01
5.5068e-01
4.2095e-01
4.5585e-01
4.3372e-01
9.0028e-01
4.5758e-01
2.2934e-01
4.0917e-01
3.6307e-01
6.9735e-01
6.7524e-01
8.0958e-01
8.4484e-01
7.4376e-01
7.6925e-01
6.7487e-01
8.2662e-01
8.6154e-01
3.4442e-01
5.7738e-01
5.1037e-01
8.9884e-01
4.4671e-01
8.2685e-01
8.8098e-01
4.7164e-01
8.5155e-01
7.9416e-01
4.9474e-01
7.2790e-01
5.3718e-01
6.2039e-01
6.2039e-01
7.6497e-01
8.1834e-01
