9.1246e-01
5.6345e-01
9.3694e-01
8.0034e-01
1.0105e+00
5.9641e-01
8.3098e-01
8.5771e-01
7.3376e-01
7.9474e-01
1.0078e+00
7.2515e-01
5.4142e-01
6.5361e-01
5.1161e-01
6.8646e-01
7.9088e-01
6.2007e-01
5.8613e-01
5.8344e-01
6.9337e-01
9.3435e-01
5.3684e-01
9.6385e-01
5.7308e-01
9.7126e-01
7.5548e-01
8.5771e-01
9.3290e-01
4.9713e-01
4.7440e-01
7.3312e-01
6.9377e-01
8.6692e-01
6.4840e-01
5.9460e-01
8.2377e-01
4.8781e-01
9.2544e-01
6.0949e-01
8.1304e-01
9.0485e-01
8.9037e-01
8.1046e-01
6.9314e-01
9.7744e-01
1.0249e+00
6.6415e-01
6.9710e-01
6.2359e-01
9.7243e-01
6.0662e-01
9.5679e-01
6.0088e-01
8.2377e-01
9.3290e-01
6.4431e-01
6.9377e-01
5.4818e-01
7.9474e-01
7.8744e-01
6.1883e-01
8.8732e-01
8.8732e-01
6.8226e-01
6.9254e-01
7.7859e-01
5.3616e-01
9.5854e-01
6.6415e-01
6.1883e-01
9.4368e-01
9.5933e-01
5.8270e-01
8.4801e-01
5.6741e-01
9.5830e-01
7.3376e-01
5.8270e-01
9.9432e-01
6.6671e-01
6.8707e-01
6.6836e-01
5.3684e-01
1.0001e+00
8.2764e-01
6.8707e-01
9.1339e-01
6.4754e-01
9.3694e-01
9.1339e-01
9.6249e-01
8.9987e-01
8.9510e-01
7.1821e-01
6.7408e-01
4.7350e-01
1.0303e+00
7.9071e-01
6.1850e-01
5.6841e-01
6.5897e-01
9.0209e-01
7.8887e-01
7.6272e-01
9.7243e-01
8.2494e-01
6.9737e-01
7.9071e-01
9.5854e-01
5.4721e-01
6.6920e-01
6.4349e-01
9.6483e-01
6.9777e-01
4.7287e-01
7.9409e-01
7.0645e-01
6.7255e-01
8.2907e-01
8.2874e-01
6.2007e-01
8.9038e-01
1.0293e+00
6.0949e-01
9.0695e-01
6.1850e-01
5.9933e-01
6.2769e-01
7.3312e-01
7.9088e-01
7.8286e-01
6.5183e-01
5.2232e-01
1.0229e+00
9.8117e-01
1.0001e+00
6.8646e-01
8.1547e-01
7.9683e-01
6.8230e-01
7.9120e-01
8.2494e-01
4.7670e-01
9.0403e-01
8.2494e-01
6.4349e-01
7.0193e-01
7.6417e-01
7.0645e-01
5.6841e-01
6.7255e-01
7.8286e-01
6.9155e-01
6.4840e-01
7.8679e-01
6.6709e-01
6.7946e-01
4.2942e-01
5.6186e-01
1.0389e+00
9.3581e-01
1.0229e+00
5.7662e-01
5.1178e-01
5.7480e-01
5.3591e-01
6.1053e-01
4.9713e-01
5.6673e-01
5.3966e-01
5.5281e-01
4.8436e-01
7.0193e-01
7.2307e-01
7.1565e-01
5.4721e-01
8.8494e-01
7.3454e-01
7.8887e-01
4.7440e-01
7.9409e-01
9.4247e-01
5.8344e-01
8.4756e-01
5.9933e-01
7.7859e-01
5.1178e-01
8.1046e-01
6.1098e-01
5.0276e-01
8.1547e-01
9.8464e-01
7.2515e-01
6.7677e-01
6.5183e-01
6.9737e-01
8.9510e-01
9.8117e-01
7.5482e-01
7.6272e-01
7.8965e-01
4.4815e-01
8.2874e-01
9.1877e-01
1.0105e+00
6.4431e-01
6.7408e-01
8.9006e-01
5.9612e-01
6.4258e-01
5.5281e-01
8.5016e-01
6.1098e-01
7.8028e-01
7.1565e-01
8.3098e-01
8.2494e-01
8.9038e-01
6.6986e-01
8.8714e-01
5.2232e-01
9.5679e-01
8.9467e-01
5.4142e-01
6.4258e-01
7.1821e-01
7.7501e-01
1.0249e+00
6.9576e-01
8.3636e-01
7.3968e-01
8.3636e-01
6.2496e-01
9.3435e-01
4.8781e-01
1.0293e+00
5.8543e-01
5.9641e-01
7.8744e-01
8.5214e-01
5.1134e-01
8.6692e-01
6.6022e-01
1.0065e+00
1.0078e+00
4.2942e-01
9.4368e-01
5.3616e-01
5.4818e-01
5.8543e-01
9.8567e-01
7.0410e-01
9.0209e-01
5.3185e-01
7.9591e-01
5.7308e-01
7.2617e-01
7.4525e-01
6.6836e-01
6.6986e-01
6.0662e-01
7.9120e-01
7.1430e-01
6.9314e-01
6.9155e-01
5.1161e-01
6.0107e-01
9.3558e-01
1.0363e+00
7.8733e-01
6.9576e-01
9.0403e-01
7.8733e-01
4.4815e-01
6.5361e-01
6.0088e-01
5.9918e-01
9.1877e-01
8.4175e-01
6.6671e-01
8.9006e-01
5.3966e-01
6.0107e-01
4.7350e-01
4.7670e-01
7.9683e-01
8.4801e-01
8.0034e-01
5.0276e-01
6.6920e-01
1.0103e+00
5.9612e-01
7.2617e-01
8.9467e-01
8.4175e-01
7.1430e-01
1.0363e+00
7.1814e-01
5.9918e-01
6.9337e-01
6.7677e-01
8.9878e-01
7.8028e-01
4.7287e-01
7.6417e-01
5.7480e-01
6.5897e-01
6.6709e-01
7.8679e-01
1.0389e+00
9.1246e-01
8.8714e-01
7.3394e-01
9.7126e-01
9.6249e-01
6.8226e-01
6.8230e-01
6.2769e-01
9.0485e-01
6.1053e-01
6.9710e-01
1.0303e+00
7.4525e-01
9.7159e-01
7.0410e-01
9.2544e-01
8.2228e-01
6.6022e-01
7.4375e-01
7.4375e-01
8.8494e-01
9.3558e-01
