7.5870e-01
6.7691e-01
7.6911e-01
7.2555e-01
7.3213e-01
6.1757e-01
6.8725e-01
7.6424e-01
7.2620e-01
7.5547e-01
7.1677e-01
5.5890e-01
6.8443e-01
6.1183e-01
6.6086e-01
6.0306e-01
6.7073e-01
7.0007e-01
6.0066e-01
7.3635e-01
7.0137e-01
7.6943e-01
3.9102e-01
7.6600e-01
6.8993e-01
6.6942e-01
7.3108e-01
7.6424e-01
7.5167e-01
5.9685e-01
4.4144e-02
6.5347e-01
7.1103e-01
6.9481e-01
6.9245e-01
5.5377e-01
7.5716e-01
5.9256e-01
5.2371e-01
6.7215e-01
7.6592e-01
7.6896e-01
7.6716e-01
6.8404e-01
7.4276e-01
7.7265e-01
7.5182e-01
6.9552e-01
7.3608e-01
6.0079e-01
6.7563e-01
3.9276e-01
7.6792e-01
7.4145e-01
7.5716e-01
7.5167e-01
6.6566e-01
7.1103e-01
6.9709e-01
7.5547e-01
6.4372e-01
6.8833e-01
7.2236e-01
7.2236e-01
3.3755e-01
5.9981e-01
7.1160e-01
5.7664e-01
7.7660e-01
6.9552e-01
6.8833e-01
7.6399e-01
7.7026e-01
4.7129e-01
7.5812e-01
7.2639e-01
7.4699e-01
7.2620e-01
4.7129e-01
7.8207e-01
7.1850e-01
7.4560e-01
7.6174e-01
3.9102e-01
7.4526e-01
7.1391e-01
7.4560e-01
7.7101e-01
3.4692e-01
7.6911e-01
7.7101e-01
7.4639e-01
7.6930e-01
7.2608e-01
7.5984e-01
7.7067e-01
2.2866e-01
7.6518e-01
6.2472e-01
7.5199e-01
6.5657e-01
7.3173e-01
7.5346e-01
6.6009e-01
5.8346e-01
6.7563e-01
6.8086e-01
7.0311e-01
6.2472e-01
7.7660e-01
6.0517e-01
7.6744e-01
5.8130e-01
7.5953e-01
6.8944e-01
5.4731e-01
7.0114e-01
6.7249e-01
7.0862e-01
7.6722e-01
6.9204e-01
7.0007e-01
7.3508e-01
7.8293e-01
6.7215e-01
7.5557e-01
7.5199e-01
6.9266e-01
6.4759e-01
6.5347e-01
6.7073e-01
6.8762e-01
7.8106e-01
6.2871e-01
7.8323e-01
7.7948e-01
7.4526e-01
6.0306e-01
7.4870e-01
6.9846e-01
1.6068e-01
6.5080e-01
6.3519e-01
7.2436e-01
6.9117e-01
6.8086e-01
5.8130e-01
5.1012e-01
7.3283e-01
6.7249e-01
6.5657e-01
7.0862e-01
6.8762e-01
6.7508e-01
6.9245e-01
7.6658e-01
7.7585e-01
7.0349e-01
2.1338e-01
5.9761e-01
7.8008e-01
7.8095e-01
7.8323e-01
6.4068e-01
5.3143e-01
6.0887e-01
5.7190e-01
6.5536e-01
5.9685e-01
4.8939e-01
6.3890e-01
6.1021e-01
4.1247e-01
5.1012e-01
6.8391e-01
6.2911e-01
6.0517e-01
7.6457e-01
7.5936e-01
6.6009e-01
4.4144e-02
7.0114e-01
7.7545e-01
7.3635e-01
7.6567e-01
6.9266e-01
7.1160e-01
5.3143e-01
6.8404e-01
6.7892e-01
4.6692e-01
7.4870e-01
7.7847e-01
5.5890e-01
6.7145e-01
7.8106e-01
7.0311e-01
7.2608e-01
7.7948e-01
4.1020e-01
5.8346e-01
3.8566e-01
2.2636e-01
6.9204e-01
7.6098e-01
7.3213e-01
6.6566e-01
7.7067e-01
7.4945e-01
6.1664e-01
5.7658e-01
6.1021e-01
7.3659e-01
6.7892e-01
7.5184e-01
6.2911e-01
6.8725e-01
6.3519e-01
7.3508e-01
5.1398e-01
7.4999e-01
6.2871e-01
7.6792e-01
7.3413e-01
6.8443e-01
5.7658e-01
7.5984e-01
6.9025e-01
7.5182e-01
7.3088e-01
6.6220e-01
7.6929e-01
6.6220e-01
7.1462e-01
7.6943e-01
5.9256e-01
7.8293e-01
7.4260e-01
6.1757e-01
6.4372e-01
7.0320e-01
5.2454e-01
6.9481e-01
5.6512e-01
7.7515e-01
7.1677e-01
2.1338e-01
7.6399e-01
5.7664e-01
6.9709e-01
7.4260e-01
7.7002e-01
7.2686e-01
7.5346e-01
7.0011e-01
6.4489e-01
6.8993e-01
7.2974e-01
5.8247e-01
7.6174e-01
5.1398e-01
3.9276e-01
6.5080e-01
7.0229e-01
7.4276e-01
6.7508e-01
6.6086e-01
6.7328e-01
7.7684e-01
7.8062e-01
7.1550e-01
7.3088e-01
6.9117e-01
7.1550e-01
2.2636e-01
6.1183e-01
7.4145e-01
6.1017e-01
7.6098e-01
7.8071e-01
7.1850e-01
7.4945e-01
6.3890e-01
6.7328e-01
2.2866e-01
7.2436e-01
6.9846e-01
7.5812e-01
7.2555e-01
4.6692e-01
7.6744e-01
7.6981e-01
6.1664e-01
7.2974e-01
7.3413e-01
7.8071e-01
7.0229e-01
7.8062e-01
6.9052e-01
6.1017e-01
7.0137e-01
6.7145e-01
7.8046e-01
7.5184e-01
5.4731e-01
7.3283e-01
6.0887e-01
7.3173e-01
7.7585e-01
7.6658e-01
7.8008e-01
7.5870e-01
7.4999e-01
6.2980e-01
6.6942e-01
7.4639e-01
3.3755e-01
1.6068e-01
6.4759e-01
7.6896e-01
6.5536e-01
7.3608e-01
7.6518e-01
5.8247e-01
7.6015e-01
7.2686e-01
5.2371e-01
7.6460e-01
5.6512e-01
7.4666e-01
7.4666e-01
7.6457e-01
7.7684e-01
