9.1954e-01
4.4788e-01
8.8129e-01
3.9948e-01
8.0743e-01
4.6216e-01
7.7319e-01
8.6291e-01
5.2148e-01
5.8739e-01
9.3185e-01
3.2358e-01
3.7151e-01
4.4112e-01
3.7215e-01
5.3862e-01
4.9065e-01
5.0101e-01
4.0976e-01
4.8787e-01
4.2243e-01
9.7456e-01
4.4247e-01
9.7468e-01
4.8983e-01
7.5728e-01
4.9155e-01
8.6291e-01
6.4333e-01
3.6326e-01
4.4383e-01
4.3801e-01
5.6596e-01
5.8285e-01
5.0032e-01
4.5829e-01
6.1603e-01
3.9954e-01
5.2288e-01
5.0920e-01
9.5457e-01
5.7203e-01
9.6225e-01
5.2949e-01
5.5874e-01
7.0271e-01
7.4468e-01
4.9077e-01
8.1623e-01
4.6284e-01
5.5633e-01
4.8814e-01
9.7305e-01
4.3793e-01
6.1603e-01
6.4333e-01
5.0990e-01
5.6596e-01
4.3125e-01
5.8739e-01
8.2151e-01
5.6065e-01
3.3019e-01
3.3019e-01
5.7281e-01
5.8117e-01
3.7322e-01
4.1717e-01
5.8911e-01
4.9077e-01
5.6065e-01
7.4117e-01
9.7947e-01
3.6937e-01
9.7229e-01
4.3166e-01
9.8917e-01
5.2148e-01
3.6937e-01
9.8031e-01
4.7159e-01
5.0795e-01
5.0471e-01
4.4247e-01
7.6882e-01
8.2157e-01
5.0795e-01
8.0393e-01
6.8268e-01
8.8129e-01
8.0393e-01
6.4504e-01
5.4630e-01
8.3193e-01
5.3491e-01
5.3053e-01
2.5752e-01
1.0134e+00
5.1623e-01
5.5710e-01
4.2372e-01
4.5180e-01
5.8948e-01
7.1849e-01
6.7657e-01
5.5633e-01
7.6983e-01
5.1392e-01
5.1623e-01
5.8911e-01
4.4821e-01
4.3225e-01
5.0273e-01
9.8243e-01
4.1694e-01
3.7042e-01
6.0133e-01
9.8741e-01
5.1733e-01
9.6016e-01
6.2933e-01
5.0101e-01
9.5121e-01
1.0054e+00
5.0920e-01
7.2264e-01
5.5710e-01
3.9903e-01
6.1055e-01
4.3801e-01
4.9065e-01
5.1190e-01
9.4158e-01
3.3677e-01
9.7121e-01
7.4891e-01
7.6882e-01
5.3862e-01
9.5891e-01
7.5104e-01
8.0694e-01
7.1873e-01
5.2154e-01
4.8675e-01
5.3612e-01
7.6983e-01
5.0273e-01
4.2101e-01
6.5593e-01
9.8741e-01
4.2372e-01
5.1733e-01
5.1190e-01
5.1789e-01
5.0032e-01
8.3647e-01
5.4530e-01
5.7987e-01
2.5656e-01
3.7164e-01
6.0901e-01
1.0252e+00
9.7121e-01
4.4143e-01
4.1193e-01
4.1274e-01
3.8704e-01
3.8986e-01
3.6326e-01
4.6987e-01
4.1316e-01
3.9448e-01
1.8240e-01
4.2101e-01
5.3291e-01
6.5701e-01
4.4821e-01
9.7603e-01
4.8884e-01
7.1849e-01
4.4383e-01
6.0133e-01
9.8338e-01
4.8787e-01
8.8232e-01
3.9903e-01
3.7322e-01
4.1193e-01
5.2949e-01
4.7041e-01
3.8321e-01
9.5891e-01
9.4447e-01
3.2358e-01
4.4169e-01
9.4158e-01
5.1392e-01
8.3193e-01
7.4891e-01
5.1072e-01
6.7657e-01
6.3070e-01
1.6356e-01
6.2933e-01
9.8724e-01
8.0743e-01
5.0990e-01
5.3053e-01
9.5550e-01
4.2017e-01
5.8110e-01
3.9448e-01
5.6001e-01
4.7041e-01
1.0117e+00
6.5701e-01
7.7319e-01
5.2154e-01
9.5121e-01
5.8849e-01
9.7528e-01
3.3677e-01
9.7305e-01
5.4958e-01
3.7151e-01
5.8110e-01
5.3491e-01
8.4663e-01
7.4468e-01
6.4107e-01
7.2223e-01
5.8091e-01
7.2223e-01
5.2885e-01
9.7456e-01
3.9954e-01
1.0054e+00
5.2135e-01
4.6216e-01
8.2151e-01
6.1586e-01
4.8437e-01
5.8285e-01
5.0918e-01
9.9076e-01
9.3185e-01
2.5656e-01
7.4117e-01
4.1717e-01
4.3125e-01
5.2135e-01
9.8992e-01
5.4971e-01
5.8948e-01
6.3510e-01
6.1901e-01
4.8983e-01
6.8490e-01
5.2487e-01
5.0471e-01
5.8849e-01
4.8814e-01
7.1873e-01
5.3699e-01
5.5874e-01
5.1789e-01
3.7215e-01
4.7459e-01
7.8526e-01
1.0187e+00
5.9712e-01
6.4107e-01
5.3612e-01
5.9712e-01
1.6356e-01
4.4112e-01
4.3793e-01
4.6568e-01
9.8724e-01
5.8486e-01
4.7159e-01
9.5550e-01
4.1316e-01
4.7459e-01
2.5752e-01
4.8675e-01
7.5104e-01
9.7229e-01
3.9948e-01
3.8321e-01
4.3225e-01
9.9051e-01
4.2017e-01
6.8490e-01
5.4958e-01
5.8486e-01
5.3699e-01
1.0187e+00
8.2243e-01
4.6568e-01
4.2243e-01
4.4169e-01
6.4044e-01
1.0117e+00
3.7042e-01
6.5593e-01
4.1274e-01
4.5180e-01
5.4530e-01
8.3647e-01
6.0901e-01
9.1954e-01
9.7528e-01
5.3209e-01
7.5728e-01
6.4504e-01
5.7281e-01
8.0694e-01
6.1055e-01
5.7203e-01
3.8986e-01
8.1623e-01
1.0134e+00
5.2487e-01
7.5714e-01
5.4971e-01
5.2288e-01
6.7769e-01
5.0918e-01
6.1315e-01
6.1315e-01
9.7603e-01
7.8526e-01
