5.2865e-02
2.8819e-02
6.5019e-02
3.9600e-02
5.1134e-02
4.0176e-02
4.0030e-02
5.4023e-02
4.2900e-02
4.4304e-02
5.4028e-02
2.5610e-02
2.9796e-02
4.0310e-02
3.2635e-02
4.2754e-02
3.2818e-02
4.0900e-02
3.0213e-02
3.1683e-02
4.1401e-02
7.0800e-02
2.8883e-02
7.3946e-02
4.0286e-02
2.8840e-02
4.2796e-02
5.4023e-02
7.3850e-02
2.9597e-02
4.6734e-02
4.2412e-02
3.5987e-02
4.9823e-02
3.8389e-02
4.0280e-02
4.7855e-02
3.6941e-02
4.4264e-02
4.6090e-02
6.2873e-02
3.6505e-02
6.9862e-02
5.2724e-02
4.6203e-02
3.6537e-02
6.4187e-02
4.3537e-02
4.1100e-02
3.1049e-02
4.5992e-02
2.7731e-02
6.4628e-02
2.7132e-02
4.7855e-02
7.3850e-02
4.2196e-02
3.5987e-02
3.5188e-02
4.4304e-02
5.1963e-02
3.5712e-02
2.8934e-02
2.8934e-02
5.2034e-02
3.1518e-02
3.6765e-02
3.1578e-02
4.5520e-02
4.3537e-02
3.5712e-02
6.4840e-02
6.9680e-02
3.3762e-02
7.9569e-02
3.2013e-02
6.4197e-02
4.2900e-02
3.3762e-02
6.9164e-02
3.9158e-02
4.4475e-02
4.0361e-02
2.8883e-02
4.5693e-02
6.4675e-02
4.4475e-02
3.1324e-02
4.5530e-02
6.5019e-02
3.1324e-02
5.6668e-02
4.9688e-02
5.0909e-02
4.7755e-02
4.2234e-02
1.6135e-02
8.4502e-02
4.1207e-02
4.4291e-02
2.9690e-02
3.5809e-02
4.5815e-02
4.1858e-02
4.2771e-02
4.5992e-02
5.6309e-02
3.5342e-02
4.1207e-02
4.5520e-02
2.1317e-02
3.1958e-02
4.2156e-02
7.5112e-02
5.0849e-02
2.2255e-02
6.8313e-02
6.5957e-02
4.2004e-02
6.1265e-02
4.6521e-02
4.0900e-02
4.8903e-02
7.6737e-02
4.6090e-02
5.5134e-02
4.4291e-02
4.2890e-02
3.9749e-02
4.2412e-02
3.2818e-02
4.9218e-02
6.5307e-02
3.0835e-02
6.9377e-02
5.9435e-02
4.5693e-02
4.2754e-02
6.0942e-02
4.1103e-02
3.6497e-02
5.9521e-02
5.0162e-02
4.6466e-02
3.3807e-02
5.6309e-02
4.2156e-02
3.2001e-02
3.8026e-02
6.5957e-02
2.9690e-02
4.2004e-02
4.9218e-02
2.5662e-02
3.8389e-02
5.2083e-02
4.0490e-02
3.7939e-02
2.1033e-02
2.9574e-02
5.1627e-02
9.5325e-02
6.9377e-02
2.9504e-02
4.0115e-02
3.2046e-02
1.9329e-02
2.9752e-02
2.9597e-02
2.8685e-02
3.0807e-02
2.8922e-02
2.1034e-02
3.2001e-02
5.0241e-02
4.3474e-02
2.1317e-02
5.4302e-02
3.1696e-02
4.1858e-02
4.6734e-02
6.8313e-02
7.0271e-02
3.1683e-02
4.0701e-02
4.2890e-02
3.6765e-02
4.0115e-02
5.2724e-02
2.9479e-02
2.8677e-02
6.0942e-02
5.5512e-02
2.5610e-02
4.4856e-02
6.5307e-02
3.5342e-02
5.0909e-02
5.9435e-02
4.2271e-02
4.2771e-02
6.1656e-02
2.9641e-04
4.6521e-02
5.3447e-02
5.1134e-02
4.2196e-02
4.2234e-02
6.3768e-02
3.2926e-02
3.1719e-02
2.8922e-02
4.1753e-02
2.9479e-02
7.7213e-02
4.3474e-02
4.0030e-02
5.0162e-02
4.8903e-02
3.6247e-02
6.4380e-02
3.0835e-02
6.4628e-02
4.6796e-02
2.9796e-02
3.1719e-02
4.7755e-02
5.1323e-02
6.4187e-02
4.2812e-02
5.4922e-02
4.2122e-02
5.4922e-02
5.3010e-02
7.0800e-02
3.6941e-02
7.6737e-02
3.5245e-02
4.0176e-02
5.1963e-02
4.3455e-02
4.3332e-02
4.9823e-02
3.4054e-02
6.9345e-02
5.4028e-02
2.1033e-02
6.4840e-02
3.1578e-02
3.5188e-02
3.5245e-02
6.4363e-02
3.9903e-02
4.5815e-02
3.4083e-02
4.3563e-02
4.0286e-02
4.9736e-02
4.8224e-02
4.0361e-02
3.6247e-02
2.7731e-02
5.9521e-02
4.0075e-02
4.6203e-02
2.5662e-02
3.2635e-02
4.5538e-02
4.4679e-02
7.6149e-02
5.0253e-02
4.2812e-02
3.3807e-02
5.0253e-02
2.9641e-04
4.0310e-02
2.7132e-02
4.0078e-02
5.3447e-02
3.7168e-02
3.9158e-02
6.3768e-02
3.0807e-02
4.5538e-02
1.6135e-02
4.6466e-02
4.1103e-02
7.9569e-02
3.9600e-02
2.8677e-02
3.1958e-02
5.3501e-02
3.2926e-02
4.9736e-02
4.6796e-02
3.7168e-02
4.0075e-02
7.6149e-02
3.7213e-02
4.0078e-02
4.1401e-02
4.4856e-02
5.3460e-02
7.7213e-02
2.2255e-02
3.8026e-02
3.2046e-02
3.5809e-02
4.0490e-02
5.2083e-02
5.1627e-02
5.2865e-02
6.4380e-02
4.0166e-02
2.8840e-02
5.6668e-02
5.2034e-02
3.6497e-02
3.9749e-02
3.6505e-02
2.9752e-02
4.1100e-02
8.4502e-02
4.8224e-02
6.3404e-02
3.9903e-02
4.4264e-02
5.8211e-02
3.4054e-02
4.4707e-02
4.4707e-02
5.4302e-02
4.4679e-02
