1745694559801 7.100823640823364 0
1745694567388 7.19759202003479 1
1745694574698 7.276240825653076 2
1745694582349 7.618973731994629 3
1745694589919 7.5351457595825195 4
1745694597364 7.407825946807861 5
1745694605239 7.431488990783691 6
1745694612974 7.4464685916900635 7
1745694620820 7.555950403213501 8
1745694628639 7.413678169250488 9
1745694636478 7.546513319015503 10
1745694644426 7.537642240524292 11
1745694652218 7.498989582061768 12
1745694659633 7.378455638885498 13
1745694667242 7.315004587173462 14
1745694674683 7.405051946640015 15
1745694682598 7.497860908508301 16
1745694689972 7.3384222984313965 17
1745694697415 7.405806303024292 18
1745694704709 7.25618577003479 19
1745694712213 7.464934825897217 20
1745694720069 7.443404912948608 21
1745694727875 7.512871026992798 22
1745694735568 7.275601148605347 23
1745694743262 7.659144639968872 24
