1745694559801 0.0 0
1745694567388 1.0 1
1745694574698 2.0 2
1745694582349 3.0 3
1745694589919 4.0 4
1745694597364 5.0 5
1745694605239 6.0 6
1745694612974 7.0 7
1745694620820 8.0 8
1745694628639 9.0 9
1745694636478 10.0 10
1745694644426 11.0 11
1745694652218 12.0 12
1745694659633 13.0 13
1745694667242 14.0 14
1745694674683 15.0 15
1745694682598 16.0 16
1745694689972 17.0 17
1745694697415 18.0 18
1745694704709 19.0 19
1745694712213 20.0 20
1745694720069 21.0 21
1745694727875 22.0 22
1745694735568 23.0 23
1745694743262 24.0 24
