1745694559801 0.001317836926318705 0
1745694567388 0.002220838563516736 1
1745694574698 0.03310520946979523 2
1745694582349 0.16419658064842224 3
1745694589919 0.32923102378845215 4
1745694597364 0.695003867149353 5
1745694605239 1.1902049779891968 6
1745694612974 1.8707659244537354 7
1745694620820 3.042459487915039 8
1745694628639 4.686617374420166 9
1745694636478 7.288031578063965 10
1745694644426 11.509970664978027 11
1745694652218 17.1856746673584 12
1745694659633 26.228797912597656 13
1745694667242 37.554786682128906 14
1745694674683 45.10460662841797 15
1745694682598 50.71360778808594 16
1745694689972 57.85771942138672 17
1745694697415 57.44458770751953 18
1745694704709 57.69752883911133 19
1745694712213 55.89442825317383 20
1745694720069 59.056480407714844 21
1745694727875 57.60893630981445 22
1745694735568 57.457420349121094 23
1745694743262 70.0809326171875 24
