1745694559801 -0.026935648173093796 0
1745694567388 -0.026934854686260223 1
1745694574698 -0.025182237848639488 2
1745694582349 -0.009758848696947098 3
1745694589919 0.016873491927981377 4
1745694597364 0.04819243401288986 5
1745694605239 0.08466316759586334 6
1745694612974 0.12567844986915588 7
1745694620820 0.17074045538902283 8
1745694628639 0.21900682151317596 9
1745694636478 0.2722029685974121 10
1745694644426 0.32945486903190613 11
1745694652218 0.3893718421459198 12
1745694659633 0.4531256854534149 13
1745694667242 0.5160886645317078 14
1745694674683 0.5759063959121704 15
1745694682598 0.6331610083580017 16
1745694689972 0.6835018396377563 17
1745694697415 0.7145960330963135 18
1745694704709 0.7311343550682068 19
1745694712213 0.7405650615692139 20
1745694720069 0.7428492307662964 21
1745694727875 0.7396971583366394 22
1745694735568 0.7369681596755981 23
1745694743262 0.7386197447776794 24
