1745694559801 14.100013732910156 0
1745694567388 14.100013732910156 1
1745694574698 14.099912643432617 2
1745694582349 14.099242210388184 3
1745694589919 14.099078178405762 4
1745694597364 14.095239639282227 5
1745694605239 14.089437484741211 6
1745694612974 14.086304664611816 7
1745694620820 14.081765174865723 8
1745694628639 14.059188842773438 9
1745694636478 14.034441947937012 10
1745694644426 13.992035865783691 11
1745694652218 13.930503845214844 12
1745694659633 13.847186088562012 13
1745694667242 13.605326652526855 14
1745694674683 13.612381935119629 15
1745694682598 13.485875129699707 16
1745694689972 13.342500686645508 17
1745694697415 13.214303970336914 18
1745694704709 13.361703872680664 19
1745694712213 13.229116439819336 20
1745694720069 13.142207145690918 21
1745694727875 13.013376235961914 22
1745694735568 12.971953392028809 23
1745694743262 13.041839599609375 24
