1745694559801 0.02834170311689377 0
1745694567388 -0.024146372452378273 1
1745694574698 0.0733005627989769 2
1745694582349 0.07519565522670746 3
1745694589919 0.15238544344902039 4
1745694597364 0.2554900646209717 5
1745694605239 0.31263211369514465 6
1745694612974 0.4437052607536316 7
1745694620820 0.4627642333507538 8
1745694628639 0.4885939657688141 9
1745694636478 0.5175220370292664 10
1745694644426 0.5207424163818359 11
1745694652218 0.5486060380935669 12
1745694659633 0.5668436884880066 13
1745694667242 0.5346485376358032 14
1745694674683 0.5412997603416443 15
1745694682598 0.5867394804954529 16
1745694689972 0.5562769770622253 17
1745694697415 0.5751922726631165 18
1745694704709 0.5962722897529602 19
1745694712213 0.5992556214332581 20
1745694720069 0.6117823719978333 21
1745694727875 0.6093491911888123 22
1745694735568 0.6044514179229736 23
1745694743262 0.6159384846687317 24
