1745694559801 0.7459398508071899 0
1745694567388 0.7464082837104797 1
1745694574698 0.7455533742904663 2
1745694582349 0.747307538986206 3
1745694589919 0.7462781071662903 4
1745694597364 0.7447336912155151 5
1745694605239 0.7464507222175598 6
1745694612974 0.7456143498420715 7
1745694620820 0.7467730641365051 8
1745694628639 0.7466577887535095 9
1745694636478 0.7472148537635803 10
1745694644426 0.7461263537406921 11
1745694652218 0.7464909553527832 12
1745694659633 0.7470768690109253 13
1745694667242 0.7458773255348206 14
1745694674683 0.7469069361686707 15
1745694682598 0.7457637786865234 16
1745694689972 0.7470977306365967 17
1745694697415 0.745338499546051 18
1745694704709 0.7459330558776855 19
1745694712213 0.7462230324745178 20
1745694720069 0.7475326061248779 21
1745694727875 0.7474062442779541 22
1745694735568 0.7453358769416809 23
1745694743262 0.7450300455093384 24
