1745631277844 10.255505323410034 0
1745631287863 9.674880504608154 1
1745631297591 9.685254096984863 2
1745631307659 10.025145292282104 3
1745631317670 9.965203762054443 4
1745631327359 9.643839597702026 5
1745631337024 9.612499952316284 6
1745631347257 9.861221075057983 7
1745631357647 9.851226568222046 8
1745631367634 9.611711263656616 9
1745631377623 9.462806224822998 10
1745631387845 9.699541330337524 11
1745631398489 10.26333212852478 12
1745631408367 9.83091688156128 13
1745631418533 9.596054792404175 14
1745631428810 9.748754262924194 15
1745631438399 9.540048837661743 16
1745631448002 9.557903528213501 17
1745631457796 9.747616052627563 18
1745631467753 9.573346614837646 19
1745631477354 9.552330255508423 20
1745631487765 10.018333196640015 21
1745631497455 9.641444444656372 22
1745631507400 9.893447875976562 23
1745631517163 9.711693525314331 24
1745631528494 9.535792827606201 0
1745631538418 9.587438583374023 1
1745631548111 9.655118227005005 2
1745631557794 9.642387628555298 3
1745631567938 10.096903800964355 4
1745631577855 9.868923664093018 5
1745631588137 9.757143020629883 6
1745631598544 9.891857862472534 7
1745631608568 9.653762340545654 8
1745631618643 9.565199375152588 9
1745631628780 9.76081109046936 10
1745631639049 9.722977638244629 11
1745631648817 9.720001220703125 12
1745631658617 9.750967741012573 13
1745631669439 10.25788688659668 14
1745631679228 9.74119520187378 15
1745631689160 9.878589630126953 16
1745631699286 9.72950792312622 17
1745631709563 9.744295835494995 18
1745631719882 9.786470890045166 19
1745631729950 9.696571826934814 20
1745631739500 9.499176025390625 21
1745631749620 10.07294487953186 22
1745631759909 9.733742952346802 23
1745631769504 9.550557851791382 24
