1745631277844 0.0 0
1745631287863 1.0 1
1745631297591 2.0 2
1745631307659 3.0 3
1745631317670 4.0 4
1745631327359 5.0 5
1745631337024 6.0 6
1745631347257 7.0 7
1745631357647 8.0 8
1745631367634 9.0 9
1745631377623 10.0 10
1745631387845 11.0 11
1745631398489 12.0 12
1745631408367 13.0 13
1745631418533 14.0 14
1745631428810 15.0 15
1745631438399 16.0 16
1745631448002 17.0 17
1745631457796 18.0 18
1745631467753 19.0 19
1745631477354 20.0 20
1745631487765 21.0 21
1745631497455 22.0 22
1745631507400 23.0 23
1745631517163 24.0 24
1745631528494 0.0 0
1745631538418 1.0 1
1745631548111 2.0 2
1745631557794 3.0 3
1745631567938 4.0 4
1745631577855 5.0 5
1745631588137 6.0 6
1745631598544 7.0 7
1745631608568 8.0 8
1745631618643 9.0 9
1745631628780 10.0 10
1745631639049 11.0 11
1745631648817 12.0 12
1745631658617 13.0 13
1745631669439 14.0 14
1745631679228 15.0 15
1745631689160 16.0 16
1745631699286 17.0 17
1745631709563 18.0 18
1745631719882 19.0 19
1745631729950 20.0 20
1745631739500 21.0 21
1745631749620 22.0 22
1745631759909 23.0 23
1745631769504 24.0 24
