1745631277844 0.002078644698485732 0
1745631287863 0.00403623515740037 1
1745631297591 0.007011162582784891 2
1745631307659 0.023945024237036705 3
1745631317670 0.10648540407419205 4
1745631327359 0.2502969205379486 5
1745631337024 0.5670831203460693 6
1745631347257 1.1332758665084839 7
1745631357647 1.939719557762146 8
1745631367634 3.3220560550689697 9
1745631377623 5.766158103942871 10
1745631387845 9.770700454711914 11
1745631398489 15.06570816040039 12
1745631408367 23.393312454223633 13
1745631418533 33.89726257324219 14
1745631428810 51.45148468017578 15
1745631438399 68.71012878417969 16
1745631448002 86.16239929199219 17
1745631457796 98.22723388671875 18
1745631467753 109.58772277832031 19
1745631477354 112.31141662597656 20
1745631487765 113.3294906616211 21
1745631497455 131.86013793945312 22
1745631507400 147.39456176757812 23
1745631517163 141.9466552734375 24
1745631528494 0.006198368035256863 0
1745631538418 0.031531885266304016 1
1745631548111 0.17010414600372314 2
1745631557794 0.3518312871456146 3
1745631567938 0.6828538179397583 4
1745631577855 1.1760659217834473 5
1745631588137 2.091602087020874 6
1745631598544 3.659550189971924 7
1745631608568 6.1921820640563965 8
1745631618643 9.902255058288574 9
1745631628780 15.530803680419922 10
1745631639049 25.764436721801758 11
1745631648817 41.02766799926758 12
1745631658617 52.403228759765625 13
1745631669439 67.71424102783203 14
1745631679228 72.50155639648438 15
1745631689160 83.13397979736328 16
1745631699286 91.82271575927734 17
1745631709563 100.81694030761719 18
1745631719882 128.4623565673828 19
1745631729950 125.08071899414062 20
1745631739500 134.65826416015625 21
1745631749620 139.88253784179688 22
1745631759909 167.38186645507812 23
1745631769504 152.4076385498047 24
