1745631277844 0.05990157276391983 0
1745631287863 0.06020870804786682 1
1745631297591 0.06042562797665596 2
1745631307659 0.060857199132442474 3
1745631317670 0.06137356907129288 4
1745631327359 0.06507746130228043 5
1745631337024 0.08768335729837418 6
1745631347257 0.1186540350317955 7
1745631357647 0.1541741043329239 8
1745631367634 0.19405251741409302 9
1745631377623 0.23711642622947693 10
1745631387845 0.28461509943008423 11
1745631398489 0.3364769518375397 12
1745631408367 0.39045876264572144 13
1745631418533 0.44817104935646057 14
1745631428810 0.5090765953063965 15
1745631438399 0.569840133190155 16
1745631448002 0.6256502866744995 17
1745631457796 0.6789485812187195 18
1745631467753 0.7152267694473267 19
1745631477354 0.734220027923584 20
1745631487765 0.738956093788147 21
1745631497455 0.739441454410553 22
1745631507400 0.738265335559845 23
1745631517163 0.740537166595459 24
1745631528494 0.05554408207535744 0
1745631538418 0.05668996647000313 1
1745631548111 0.06337151676416397 2
1745631557794 0.08443660289049149 3
1745631567938 0.11364264786243439 4
1745631577855 0.1472960263490677 5
1745631588137 0.18509390950202942 6
1745631598544 0.22744083404541016 7
1745631608568 0.2752901613712311 8
1745631618643 0.3265596926212311 9
1745631628780 0.382169246673584 10
1745631639049 0.44195643067359924 11
1745631648817 0.5035225749015808 12
1745631658617 0.5668041706085205 13
1745631669439 0.6273950338363647 14
1745631679228 0.6799842119216919 15
1745631689160 0.71556156873703 16
1745631699286 0.7330830097198486 17
1745631709563 0.7391380667686462 18
1745631719882 0.7408730387687683 19
1745631729950 0.7395676374435425 20
1745631739500 0.7389124631881714 21
1745631749620 0.7430805563926697 22
1745631759909 0.7452120184898376 23
1745631769504 0.7410807609558105 24
