1745631277844 40.299949645996094 0
1745631287863 40.299949645996094 1
1745631297591 40.29994583129883 2
1745631307659 40.299896240234375 3
1745631317670 40.29936981201172 4
1745631327359 40.29806137084961 5
1745631337024 40.298465728759766 6
1745631347257 40.28754425048828 7
1745631357647 40.2739143371582 8
1745631367634 40.25328826904297 9
1745631377623 40.205665588378906 10
1745631387845 40.1566162109375 11
1745631398489 40.11964797973633 12
1745631408367 39.80904769897461 13
1745631418533 39.86796569824219 14
1745631428810 39.4979362487793 15
1745631438399 38.9781379699707 16
1745631448002 38.408939361572266 17
1745631457796 38.63216018676758 18
1745631467753 37.96363830566406 19
1745631477354 37.66338348388672 20
1745631487765 37.851322174072266 21
1745631497455 36.85776901245117 22
1745631507400 37.35371017456055 23
1745631517163 36.45054244995117 24
1745631528494 40.29994583129883 0
1745631538418 40.29996109008789 1
1745631548111 40.29935836791992 2
1745631557794 40.29825973510742 3
1745631567938 40.29631805419922 4
1745631577855 40.28667449951172 5
1745631588137 40.27516555786133 6
1745631598544 40.24217987060547 7
1745631608568 40.25429916381836 8
1745631618643 40.17512893676758 9
1745631628780 40.104190826416016 10
1745631639049 40.14740753173828 11
1745631648817 39.751094818115234 12
1745631658617 39.7275505065918 13
1745631669439 39.243534088134766 14
1745631679228 39.401512145996094 15
1745631689160 38.99161148071289 16
1745631699286 38.648319244384766 17
1745631709563 38.04482650756836 18
1745631719882 38.076011657714844 19
1745631729950 37.925933837890625 20
1745631739500 36.974769592285156 21
1745631749620 37.339393615722656 22
1745631759909 36.41608810424805 23
1745631769504 36.81663513183594 24
