1745631277844 -0.012268438003957272 0
1745631287863 -0.014537290669977665 1
1745631297591 -0.0075688473880290985 2
1745631307659 0.012337608262896538 3
1745631317670 0.013990656472742558 4
1745631327359 0.038006916642189026 5
1745631337024 0.030270468443632126 6
1745631347257 0.07220503687858582 7
1745631357647 0.24764887988567352 8
1745631367634 0.37729835510253906 9
1745631377623 0.4380440413951874 10
1745631387845 0.4809669852256775 11
1745631398489 0.49251696467399597 12
1745631408367 0.5164222121238708 13
1745631418533 0.5601139068603516 14
1745631428810 0.5912222266197205 15
1745631438399 0.5732179880142212 16
1745631448002 0.6000913977622986 17
1745631457796 0.5864506959915161 18
1745631467753 0.6083124279975891 19
1745631477354 0.6133021712303162 20
1745631487765 0.6196693778038025 21
1745631497455 0.6107324957847595 22
1745631507400 0.6150968074798584 23
1745631517163 0.6399272084236145 24
1745631528494 0.00557686435058713 0
1745631538418 0.016262134537100792 1
1745631548111 0.08684280514717102 2
1745631557794 0.1765974462032318 3
1745631567938 0.23858742415905 4
1745631577855 0.3443015217781067 5
1745631588137 0.37452617287635803 6
1745631598544 0.43489161133766174 7
1745631608568 0.5017635226249695 8
1745631618643 0.482891708612442 9
1745631628780 0.5270723700523376 10
1745631639049 0.5579316020011902 11
1745631648817 0.532462477684021 12
1745631658617 0.5411646962165833 13
1745631669439 0.5653252601623535 14
1745631679228 0.5870670080184937 15
1745631689160 0.5623593926429749 16
1745631699286 0.5840107798576355 17
1745631709563 0.6087720990180969 18
1745631719882 0.6067954897880554 19
1745631729950 0.6060450673103333 20
1745631739500 0.6163061261177063 21
1745631749620 0.6177407503128052 22
1745631759909 0.6028075814247131 23
1745631769504 0.6238961219787598 24
