1745631277844 0.7483741044998169 0
1745631287863 0.7489800453186035 1
1745631297591 0.7471422553062439 2
1745631307659 0.7482038140296936 3
1745631317670 0.7478964924812317 4
1745631327359 0.7480098605155945 5
1745631337024 0.7483486533164978 6
1745631347257 0.7474640011787415 7
1745631357647 0.7475625276565552 8
1745631367634 0.7479472756385803 9
1745631377623 0.7478160858154297 10
1745631387845 0.7476394176483154 11
1745631398489 0.7492054104804993 12
1745631408367 0.7479972839355469 13
1745631418533 0.7497233152389526 14
1745631428810 0.7475438117980957 15
1745631438399 0.7472249269485474 16
1745631448002 0.7477362155914307 17
1745631457796 0.7484147548675537 18
1745631467753 0.7484729290008545 19
1745631477354 0.7456233501434326 20
1745631487765 0.7472003698348999 21
1745631497455 0.7487328052520752 22
1745631507400 0.7467129826545715 23
1745631517163 0.7488996982574463 24
1745631528494 0.7449753284454346 0
1745631538418 0.7455313205718994 1
1745631548111 0.7464831471443176 2
1745631557794 0.7459424138069153 3
1745631567938 0.7474690079689026 4
1745631577855 0.7485193014144897 5
1745631588137 0.7470428943634033 6
1745631598544 0.7478547692298889 7
1745631608568 0.748035728931427 8
1745631618643 0.7461914420127869 9
1745631628780 0.7484875917434692 10
1745631639049 0.748305082321167 11
1745631648817 0.7448291182518005 12
1745631658617 0.7490830421447754 13
1745631669439 0.7462896108627319 14
1745631679228 0.7470199465751648 15
1745631689160 0.7464284896850586 16
1745631699286 0.7475813627243042 17
1745631709563 0.7462218999862671 18
1745631719882 0.7474954128265381 19
1745631729950 0.7472146153450012 20
1745631739500 0.7468096613883972 21
1745631749620 0.7470181584358215 22
1745631759909 0.7447194457054138 23
1745631769504 0.747323215007782 24
