8.5161e-01
6.3198e-01
8.7740e-01
6.4092e-01
9.3466e-01
6.0852e-01
9.3818e-01
7.5293e-01
7.7704e-01
9.1235e-01
9.1440e-01
8.6045e-01
6.5749e-01
6.0977e-01
2.5200e-01
7.8537e-01
7.1008e-01
6.1436e-01
5.2685e-01
7.4069e-01
6.6650e-01
9.2444e-01
4.3195e-01
9.3751e-01
7.5895e-01
9.0596e-01
8.2402e-01
7.5293e-01
8.2368e-01
5.4496e-01
5.6226e-02
7.3328e-01
7.7144e-01
8.1933e-01
6.1081e-01
6.2034e-01
8.5473e-01
5.9284e-01
8.9297e-01
7.2701e-01
9.0493e-01
8.2326e-01
9.2228e-01
8.3949e-01
7.6910e-01
9.2288e-01
8.9565e-01
8.1928e-01
8.2271e-01
6.2574e-01
8.4284e-01
8.5026e-01
9.4515e-01
7.7437e-01
8.5473e-01
8.2368e-01
7.2481e-01
7.7144e-01
5.9483e-01
9.1235e-01
7.0400e-01
8.0222e-01
8.4874e-01
8.4874e-01
7.6657e-01
7.4262e-01
9.4031e-01
5.9455e-01
8.6293e-01
8.1928e-01
8.0222e-01
8.2833e-01
9.4202e-01
6.8190e-01
8.8106e-01
7.4227e-01
9.3391e-01
7.7704e-01
6.8190e-01
9.4617e-01
7.8257e-01
6.9369e-01
7.5902e-01
4.3195e-01
8.7233e-01
8.7874e-01
6.9369e-01
7.9202e-01
8.5759e-01
8.7740e-01
7.9202e-01
8.8928e-01
8.6155e-01
7.5141e-01
8.6589e-01
7.6147e-01
4.4332e-01
9.4701e-01
8.5065e-01
7.6240e-01
6.7345e-01
7.3689e-01
7.7508e-01
8.2647e-01
8.7662e-01
8.4284e-01
7.7958e-01
8.3315e-01
8.5065e-01
8.6293e-01
6.8003e-01
7.6487e-01
5.9181e-01
9.3154e-01
7.4134e-01
5.9456e-01
8.2799e-01
8.7482e-01
7.9658e-01
9.1189e-01
8.2052e-01
6.1436e-01
8.6274e-01
9.4726e-01
7.2701e-01
9.1156e-01
7.6240e-01
6.5606e-01
7.1348e-01
7.3328e-01
7.1008e-01
7.9265e-01
9.1301e-01
6.2095e-01
9.4466e-01
9.4487e-01
8.7233e-01
7.8537e-01
8.9943e-01
8.2568e-01
7.4734e-01
8.8602e-01
7.0912e-01
6.4262e-01
8.7177e-01
7.7958e-01
5.9181e-01
5.2732e-01
8.3765e-01
8.7482e-01
6.7345e-01
7.9658e-01
7.9265e-01
8.0648e-01
6.1081e-01
8.7464e-01
8.7183e-01
7.7744e-01
4.6037e-01
5.9968e-01
9.2671e-01
9.4277e-01
9.4466e-01
5.2752e-01
3.8634e-01
5.6542e-01
5.8522e-01
7.2032e-01
5.4496e-01
5.6654e-01
7.5284e-01
3.9302e-01
4.7576e-01
5.2732e-01
8.5623e-01
8.2329e-01
6.8003e-01
9.3027e-01
8.4695e-01
8.2647e-01
5.6226e-02
8.2799e-01
9.2638e-01
7.4069e-01
9.2328e-01
6.5606e-01
9.4031e-01
3.8634e-01
8.3949e-01
7.4705e-01
6.4694e-01
8.9943e-01
8.7588e-01
8.6045e-01
7.0881e-01
9.1301e-01
8.3315e-01
7.5141e-01
9.4487e-01
6.9896e-01
8.7662e-01
7.1318e-01
8.8360e-01
8.2052e-01
9.1189e-01
9.3466e-01
7.2481e-01
7.6147e-01
8.9440e-01
7.7736e-01
7.3677e-01
3.9302e-01
7.9742e-01
7.4705e-01
7.7690e-01
8.2329e-01
9.3818e-01
7.0912e-01
8.6274e-01
9.1306e-01
9.0583e-01
6.2095e-01
9.4515e-01
8.5137e-01
6.5749e-01
7.3677e-01
8.6589e-01
7.4721e-01
8.9565e-01
6.8939e-01
8.4471e-01
8.0979e-01
8.4471e-01
7.5001e-01
9.2444e-01
5.9284e-01
9.4726e-01
7.9610e-01
6.0852e-01
7.0400e-01
8.5156e-01
6.3208e-01
8.1933e-01
7.0262e-01
9.4811e-01
9.1440e-01
4.6037e-01
8.2833e-01
5.9455e-01
5.9483e-01
7.9610e-01
9.3076e-01
8.1797e-01
7.7508e-01
8.0447e-01
8.0624e-01
7.5895e-01
6.7885e-01
7.8750e-01
7.5902e-01
9.1306e-01
8.5026e-01
8.8602e-01
8.5098e-01
7.6910e-01
8.0648e-01
2.5200e-01
6.1864e-01
8.9443e-01
9.3323e-01
8.0606e-01
6.8939e-01
8.7177e-01
8.0606e-01
8.8360e-01
6.0977e-01
7.7437e-01
6.3236e-01
9.1189e-01
9.4634e-01
7.8257e-01
8.9440e-01
7.5284e-01
6.1864e-01
4.4332e-01
6.4262e-01
8.2568e-01
8.8106e-01
6.4092e-01
6.4694e-01
7.6487e-01
9.3621e-01
7.7736e-01
6.7885e-01
8.5137e-01
9.4634e-01
8.5098e-01
9.3323e-01
8.8046e-01
6.3236e-01
6.6650e-01
7.0881e-01
8.9587e-01
7.7690e-01
5.9456e-01
8.3765e-01
5.6542e-01
7.3689e-01
8.7183e-01
8.7464e-01
9.2671e-01
8.5161e-01
9.0583e-01
7.8619e-01
9.0596e-01
8.8928e-01
7.6657e-01
7.4734e-01
7.1348e-01
8.2326e-01
7.2032e-01
8.2271e-01
9.4701e-01
7.8750e-01
9.3098e-01
8.1797e-01
8.9297e-01
7.5641e-01
7.0262e-01
6.1059e-01
6.1059e-01
9.3027e-01
8.9443e-01
