9.6021e-01
5.5678e-01
8.9284e-01
6.7819e-01
1.0291e+00
6.2825e-01
9.5464e-01
5.7681e-01
7.4433e-01
8.7279e-01
9.0297e-01
1.0265e+00
4.9365e-01
6.2507e-01
5.3705e-01
5.7454e-01
6.4553e-01
7.0628e-01
7.7184e-01
6.8682e-01
7.0992e-01
9.9237e-01
5.1298e-01
1.0080e+00
6.9658e-01
8.5024e-01
8.9493e-01
5.7681e-01
9.4394e-01
5.2605e-01
4.9688e-01
5.6076e-01
5.5080e-01
8.3392e-01
5.9057e-01
6.1361e-01
8.3383e-01
5.9942e-01
8.5162e-01
6.4514e-01
8.7655e-01
7.6976e-01
9.3342e-01
7.9024e-01
7.9229e-01
9.2807e-01
1.0143e+00
7.2087e-01
9.4611e-01
5.7593e-01
9.3057e-01
7.6318e-01
9.0969e-01
7.4129e-01
8.3383e-01
9.4394e-01
6.1721e-01
5.5080e-01
6.2130e-01
8.7279e-01
6.5896e-01
6.5661e-01
8.6982e-01
8.6982e-01
5.6986e-01
8.2113e-01
6.8575e-01
5.4927e-01
8.5295e-01
7.2087e-01
6.5661e-01
6.7113e-01
9.9478e-01
5.2912e-01
8.6845e-01
6.0638e-01
9.6307e-01
7.4433e-01
5.2912e-01
1.0528e+00
6.8698e-01
6.4079e-01
6.5121e-01
5.1298e-01
5.6410e-01
7.9076e-01
6.4079e-01
9.5515e-01
6.5462e-01
8.9284e-01
9.5515e-01
9.7910e-01
8.3234e-01
8.8280e-01
8.7785e-01
7.0040e-01
4.4791e-01
9.9106e-01
7.1594e-01
8.0338e-01
6.6063e-01
7.7558e-01
8.5107e-01
9.1565e-01
9.0214e-01
9.3057e-01
8.4117e-01
8.1922e-01
7.1594e-01
8.5295e-01
6.4782e-01
7.7517e-01
6.5446e-01
9.7198e-01
7.0175e-01
5.3162e-01
8.1981e-01
8.6396e-01
6.8643e-01
8.9149e-01
7.7288e-01
7.0628e-01
9.3199e-01
1.0162e+00
6.4514e-01
8.0101e-01
8.0338e-01
5.5767e-01
6.8946e-01
5.6076e-01
6.4553e-01
7.1807e-01
9.2217e-01
5.9290e-01
1.0337e+00
1.0638e+00
5.6410e-01
5.7454e-01
8.9091e-01
8.0119e-01
1.0388e+00
8.3418e-01
6.9381e-01
6.9743e-01
9.9094e-01
8.4117e-01
6.5446e-01
7.0664e-01
6.9846e-01
8.6396e-01
6.6063e-01
6.8643e-01
7.1807e-01
7.5656e-01
5.9057e-01
6.8187e-01
8.0383e-01
7.4322e-01
3.5381e-01
5.6843e-01
1.0299e+00
1.0334e+00
1.0337e+00
5.6061e-01
6.9203e-01
6.0816e-01
5.7851e-01
6.9598e-01
5.2605e-01
5.8672e-01
6.0448e-01
5.2457e-01
5.3497e-01
7.0664e-01
8.8579e-01
8.1157e-01
6.4782e-01
8.5415e-01
8.6612e-01
9.1565e-01
4.9688e-01
8.1981e-01
9.9274e-01
6.8682e-01
1.0081e+00
5.5767e-01
6.8575e-01
6.9203e-01
7.9024e-01
8.2963e-01
5.8782e-01
8.9091e-01
1.0147e+00
1.0265e+00
6.2408e-01
9.2217e-01
8.1922e-01
8.8280e-01
1.0638e+00
9.9062e-01
9.0214e-01
9.1441e-01
4.1675e-01
7.7288e-01
8.8119e-01
1.0291e+00
6.1721e-01
7.0040e-01
9.7537e-01
6.9532e-01
6.5891e-01
5.2457e-01
8.1267e-01
8.2963e-01
1.0115e+00
8.1157e-01
9.5464e-01
6.9381e-01
9.3199e-01
6.2453e-01
8.9842e-01
5.9290e-01
9.0969e-01
8.7604e-01
4.9365e-01
6.5891e-01
8.7785e-01
8.2449e-01
1.0143e+00
7.3555e-01
8.7318e-01
8.6321e-01
8.7318e-01
5.4042e-01
9.9237e-01
5.9942e-01
1.0162e+00
6.7463e-01
6.2825e-01
6.5896e-01
9.4510e-01
5.6500e-01
8.3392e-01
6.1540e-01
9.1613e-01
9.0297e-01
3.5381e-01
6.7113e-01
5.4927e-01
6.2130e-01
6.7463e-01
9.0255e-01
8.7706e-01
8.5107e-01
6.7131e-01
8.5370e-01
6.9658e-01
7.7332e-01
7.9912e-01
6.5121e-01
6.2453e-01
7.6318e-01
8.3418e-01
8.9996e-01
7.9229e-01
7.5656e-01
5.3705e-01
6.3287e-01
8.0441e-01
1.0568e+00
7.5877e-01
7.3555e-01
9.9094e-01
7.5877e-01
4.1675e-01
6.2507e-01
7.4129e-01
6.1614e-01
8.8119e-01
8.2556e-01
6.8698e-01
9.7537e-01
6.0448e-01
6.3287e-01
4.4791e-01
6.9743e-01
8.0119e-01
8.6845e-01
6.7819e-01
5.8782e-01
7.7517e-01
1.0173e+00
6.9532e-01
7.7332e-01
8.7604e-01
8.2556e-01
8.9996e-01
1.0568e+00
6.0002e-01
6.1614e-01
7.0992e-01
6.2408e-01
9.6106e-01
1.0115e+00
5.3162e-01
6.9846e-01
6.0816e-01
7.7558e-01
8.0383e-01
6.8187e-01
1.0299e+00
9.6021e-01
8.9842e-01
6.1484e-01
8.5024e-01
9.7910e-01
5.6986e-01
1.0388e+00
6.8946e-01
7.6976e-01
6.9598e-01
9.4611e-01
9.9106e-01
7.9912e-01
9.0154e-01
8.7706e-01
8.5162e-01
8.0800e-01
6.1540e-01
7.4394e-01
7.4394e-01
8.5415e-01
8.0441e-01
