3.1173e-01
2.3285e-01
3.1030e-01
2.4393e-01
3.4732e-01
2.2737e-01
2.8344e-01
2.8498e-01
2.5742e-01
3.1103e-01
3.2725e-01
2.6200e-01
2.0457e-01
2.4882e-01
2.3433e-01
2.5318e-01
2.6770e-01
2.6384e-01
2.3124e-01
2.2975e-01
2.3299e-01
3.5347e-01
1.9259e-01
3.4091e-01
2.3736e-01
2.6550e-01
2.8455e-01
2.8498e-01
2.6658e-01
2.6480e-01
1.9142e-01
2.8435e-01
2.6280e-01
2.9484e-01
2.2707e-01
2.2606e-01
3.1439e-01
2.3179e-01
2.7548e-01
2.5620e-01
2.8252e-01
3.0890e-01
3.4846e-01
2.8248e-01
2.9044e-01
2.7031e-01
3.0873e-01
3.2191e-01
2.7726e-01
2.1825e-01
2.7429e-01
1.6628e-01
3.6005e-01
2.4533e-01
3.1439e-01
2.6658e-01
2.5471e-01
2.6280e-01
2.7466e-01
3.1103e-01
2.7773e-01
2.6083e-01
2.0810e-01
2.0810e-01
2.8212e-01
2.1071e-01
2.3274e-01
2.3127e-01
2.4839e-01
3.2191e-01
2.6083e-01
2.8223e-01
3.3677e-01
2.3698e-01
2.8601e-01
2.5096e-01
3.6095e-01
2.5742e-01
2.3698e-01
3.1954e-01
2.6566e-01
2.7473e-01
2.8074e-01
1.9259e-01
2.5922e-01
2.5496e-01
2.7473e-01
2.5377e-01
2.6192e-01
3.1030e-01
2.5377e-01
3.3144e-01
3.6097e-01
2.3225e-01
2.3559e-01
2.8640e-01
1.7329e-01
3.6176e-01
2.6169e-01
2.6817e-01
2.2200e-01
2.5153e-01
2.4897e-01
2.8953e-01
2.4537e-01
2.7429e-01
2.9134e-01
2.5279e-01
2.6169e-01
2.4839e-01
2.2957e-01
2.0875e-01
2.4160e-01
3.3363e-01
2.2702e-01
1.9112e-01
3.1796e-01
2.7800e-01
2.7732e-01
3.1594e-01
2.6114e-01
2.6384e-01
2.7084e-01
3.9375e-01
2.5620e-01
2.9482e-01
2.6817e-01
2.1602e-01
2.2076e-01
2.8435e-01
2.6770e-01
2.4906e-01
2.9263e-01
1.9873e-01
3.7481e-01
3.4081e-01
2.5922e-01
2.5318e-01
3.1459e-01
1.6756e-01
2.7073e-01
2.4978e-01
2.7100e-01
2.5812e-01
2.4855e-01
2.9134e-01
2.4160e-01
2.0836e-01
2.6704e-01
2.7800e-01
2.2200e-01
2.7732e-01
2.4906e-01
2.7186e-01
2.2707e-01
3.1614e-01
2.9774e-01
2.4858e-01
1.7605e-01
2.1918e-01
3.1946e-01
3.4177e-01
3.7481e-01
2.0346e-01
2.4938e-01
2.2473e-01
1.9270e-01
2.2572e-01
2.6480e-01
1.9351e-01
2.3054e-01
2.0569e-01
1.2063e-01
2.0836e-01
3.0408e-01
2.8233e-01
2.2957e-01
3.2257e-01
2.5939e-01
2.8953e-01
1.9142e-01
3.1796e-01
3.5178e-01
2.2975e-01
2.7176e-01
2.1602e-01
2.3274e-01
2.4938e-01
2.8248e-01
2.3099e-01
2.2287e-01
3.1459e-01
2.6145e-01
2.6200e-01
2.3279e-01
2.9263e-01
2.5279e-01
2.3225e-01
3.4081e-01
2.6660e-01
2.4537e-01
2.5571e-01
6.9850e-02
2.6114e-01
3.0301e-01
3.4732e-01
2.5471e-01
2.8640e-01
3.0497e-01
2.6811e-01
2.8443e-01
2.0569e-01
2.9107e-01
2.3099e-01
3.4987e-01
2.8233e-01
2.8344e-01
2.7100e-01
2.7084e-01
3.1815e-01
3.2192e-01
1.9873e-01
3.6005e-01
2.6257e-01
2.0457e-01
2.8443e-01
2.3559e-01
2.7679e-01
3.0873e-01
3.2035e-01
3.3244e-01
2.8757e-01
3.3244e-01
2.7793e-01
3.5347e-01
2.3179e-01
3.9375e-01
2.5036e-01
2.2737e-01
2.7773e-01
3.3995e-01
2.7097e-01
2.9484e-01
2.2216e-01
3.7689e-01
3.2725e-01
1.7605e-01
2.8223e-01
2.3127e-01
2.7466e-01
2.5036e-01
3.5175e-01
2.9615e-01
2.4897e-01
3.0851e-01
3.0339e-01
2.3736e-01
3.2227e-01
2.3801e-01
2.8074e-01
3.1815e-01
1.6628e-01
2.4978e-01
2.5670e-01
2.9044e-01
2.7186e-01
2.3433e-01
2.4541e-01
3.2064e-01
3.8254e-01
2.1949e-01
3.2035e-01
2.4855e-01
2.1949e-01
6.9850e-02
2.4882e-01
2.4533e-01
2.3886e-01
3.0301e-01
3.3306e-01
2.6566e-01
3.0497e-01
2.3054e-01
2.4541e-01
1.7329e-01
2.5812e-01
1.6756e-01
2.8601e-01
2.4393e-01
2.2287e-01
2.0875e-01
3.2677e-01
2.6811e-01
3.2227e-01
2.6257e-01
3.3306e-01
2.5670e-01
3.8254e-01
2.0937e-01
2.3886e-01
2.3299e-01
2.3279e-01
2.9350e-01
3.4987e-01
1.9112e-01
2.6704e-01
2.2473e-01
2.5153e-01
2.9774e-01
3.1614e-01
3.1946e-01
3.1173e-01
3.2192e-01
2.6729e-01
2.6550e-01
3.3144e-01
2.8212e-01
2.7073e-01
2.2076e-01
3.0890e-01
2.2572e-01
2.7726e-01
3.6176e-01
2.3801e-01
2.7770e-01
2.9615e-01
2.7548e-01
2.7175e-01
2.2216e-01
2.7146e-01
2.7146e-01
3.2257e-01
3.2064e-01
