8.5175e-01
6.4819e-01
8.6842e-01
7.4705e-01
8.8885e-01
5.6695e-01
8.0600e-01
8.2850e-01
6.5261e-01
8.3547e-01
8.7468e-01
8.7317e-01
6.4498e-01
6.4374e-01
4.7980e-01
7.5718e-01
7.2839e-01
6.4389e-01
5.6033e-01
6.8871e-01
6.8722e-01
8.5705e-01
4.0440e-01
8.8812e-01
6.7189e-01
8.2997e-01
8.3316e-01
8.2850e-01
8.3600e-01
3.8905e-01
1.5618e-01
6.4815e-01
8.0738e-01
7.9785e-01
7.7592e-01
6.8457e-01
8.2123e-01
5.6647e-01
8.7776e-01
8.1567e-01
7.9045e-01
8.8943e-01
8.2107e-01
8.0622e-01
7.5320e-01
8.8930e-01
8.7161e-01
7.2415e-01
8.7637e-01
5.5006e-01
8.4911e-01
4.1349e-01
8.9023e-01
6.6440e-01
8.2123e-01
8.3600e-01
6.8990e-01
8.0738e-01
5.5188e-01
8.3547e-01
8.3315e-01
6.0222e-01
7.0455e-01
7.0455e-01
7.7954e-01
5.8587e-01
7.1850e-01
4.5720e-01
8.4839e-01
7.2415e-01
6.0222e-01
7.2848e-01
8.7297e-01
4.0653e-01
8.0063e-01
7.1436e-01
8.4737e-01
6.5261e-01
4.0653e-01
8.9428e-01
7.8165e-01
7.7689e-01
7.6883e-01
4.0440e-01
7.7206e-01
7.5653e-01
7.7689e-01
8.2686e-01
8.3968e-01
8.6842e-01
8.2686e-01
8.6444e-01
7.2142e-01
8.5708e-01
8.8248e-01
7.9667e-01
1.3131e-01
8.7940e-01
6.8000e-01
6.7595e-01
6.8367e-01
7.4965e-01
8.0202e-01
7.5698e-01
6.1022e-01
8.4911e-01
8.2111e-01
7.6774e-01
6.8000e-01
8.4839e-01
6.2418e-01
7.3864e-01
6.3459e-01
8.6169e-01
6.0382e-01
5.5719e-01
7.7291e-01
7.8291e-01
7.5508e-01
7.9467e-01
7.4635e-01
6.4389e-01
6.8640e-01
8.9041e-01
8.1567e-01
8.4374e-01
6.7595e-01
6.8624e-01
8.0640e-01
6.4815e-01
7.2839e-01
5.7833e-01
8.2016e-01
4.1689e-01
8.9227e-01
8.8036e-01
7.7206e-01
7.5718e-01
8.0775e-01
1.0215e-01
2.5197e-01
8.3788e-01
6.1219e-01
7.2987e-01
8.3763e-01
8.2111e-01
6.3459e-01
3.5146e-01
5.3681e-01
7.8291e-01
6.8367e-01
7.5508e-01
5.7833e-01
7.0370e-01
7.7592e-01
7.8324e-01
7.8834e-01
7.3302e-01
7.2610e-02
5.2200e-01
8.8823e-01
8.7167e-01
8.9227e-01
6.1237e-01
3.9169e-01
6.1799e-01
6.0822e-01
5.7892e-01
3.8905e-01
4.2850e-01
6.5088e-01
2.6696e-01
6.6954e-01
3.5146e-01
7.5292e-01
7.1445e-01
6.2418e-01
8.6235e-01
8.4386e-01
7.5698e-01
1.5618e-01
7.7291e-01
8.7735e-01
6.8871e-01
8.1394e-01
6.8624e-01
7.1850e-01
3.9169e-01
8.0622e-01
6.7888e-01
5.1821e-01
8.0775e-01
8.6398e-01
8.7317e-01
7.7939e-01
8.2016e-01
7.6774e-01
8.5708e-01
8.8036e-01
7.5083e-01
6.1022e-01
2.3986e-01
1.7595e-02
7.4635e-01
8.5145e-01
8.8885e-01
6.8990e-01
7.9667e-01
5.5960e-01
5.1870e-01
6.5298e-01
2.6696e-01
8.2915e-01
6.7888e-01
1.0657e-01
7.1445e-01
8.0600e-01
6.1219e-01
6.8640e-01
6.3407e-01
8.4489e-01
4.1689e-01
8.9023e-01
8.5978e-01
6.4498e-01
6.5298e-01
8.8248e-01
7.9469e-01
8.7161e-01
7.7336e-01
7.9089e-01
7.9149e-01
7.9089e-01
6.3010e-01
8.5705e-01
5.6647e-01
8.9041e-01
7.7812e-01
5.6695e-01
8.3315e-01
8.1753e-01
5.3393e-01
7.9785e-01
8.5988e-01
8.9395e-01
8.7468e-01
7.2610e-02
7.2848e-01
4.5720e-01
5.5188e-01
7.7812e-01
8.6111e-01
8.7099e-01
8.0202e-01
7.7150e-01
8.2809e-01
6.7189e-01
8.3239e-01
7.5022e-01
7.6883e-01
6.3407e-01
4.1349e-01
8.3788e-01
5.6084e-01
7.5320e-01
7.0370e-01
4.7980e-01
6.6367e-01
8.7143e-01
8.8989e-01
7.7237e-01
7.7336e-01
8.3763e-01
7.7237e-01
1.7595e-02
6.4374e-01
6.6440e-01
6.3864e-01
8.5145e-01
8.7746e-01
7.8165e-01
5.5960e-01
6.5088e-01
6.6367e-01
1.3131e-01
7.2987e-01
1.0215e-01
8.0063e-01
7.4705e-01
5.1821e-01
7.3864e-01
8.7261e-01
5.1870e-01
8.3239e-01
8.5978e-01
8.7746e-01
5.6084e-01
8.8989e-01
6.6459e-01
6.3864e-01
6.8722e-01
7.7939e-01
8.5504e-01
1.0657e-01
5.5719e-01
5.3681e-01
6.1799e-01
7.4965e-01
7.8834e-01
7.8324e-01
8.8823e-01
8.5175e-01
8.4489e-01
8.0153e-01
8.2997e-01
8.6444e-01
7.7954e-01
2.5197e-01
8.0640e-01
8.8943e-01
5.7892e-01
8.7637e-01
8.7940e-01
7.5022e-01
8.8118e-01
8.7099e-01
8.7776e-01
8.3261e-01
8.5988e-01
7.2075e-01
7.2075e-01
8.6235e-01
8.7143e-01
