1745677004438 7.352343797683716 0
1745677012091 7.344054222106934 1
1745677019460 7.335340738296509 2
1745677026883 7.386913061141968 3
1745677034310 7.3906049728393555 4
1745677041674 7.327794790267944 5
1745677049460 7.348928689956665 6
1745677057267 7.358354568481445 7
1745677064884 7.321558475494385 8
1745677072488 7.1823813915252686 9
1745677080297 7.36559796333313 10
1745677087693 7.360912084579468 11
1745677095317 7.318322658538818 12
1745677102814 7.0749592781066895 13
1745677110503 7.2501771450042725 14
1745677117811 7.271135091781616 15
1745677125389 7.273497104644775 16
1745677132652 7.228366851806641 17
1745677140289 7.208221673965454 18
1745677147572 7.248358249664307 19
1745677155182 7.163816213607788 20
1745677162406 7.187492370605469 21
1745677170028 7.320643186569214 22
1745677178043 7.597304344177246 23
1745677185273 7.196234703063965 24
