1745677004438 0.0 0
1745677012091 1.0 1
1745677019460 2.0 2
1745677026883 3.0 3
1745677034310 4.0 4
1745677041674 5.0 5
1745677049460 6.0 6
1745677057267 7.0 7
1745677064884 8.0 8
1745677072488 9.0 9
1745677080297 10.0 10
1745677087693 11.0 11
1745677095317 12.0 12
1745677102814 13.0 13
1745677110503 14.0 14
1745677117811 15.0 15
1745677125389 16.0 16
1745677132652 17.0 17
1745677140289 18.0 18
1745677147572 19.0 19
1745677155182 20.0 20
1745677162406 21.0 21
1745677170028 22.0 22
1745677178043 23.0 23
1745677185273 24.0 24
