1745677004438 0.0023344119545072317 0
1745677012091 0.004400705918669701 1
1745677019460 0.04060248285531998 2
1745677026883 0.20476260781288147 3
1745677034310 0.3034290075302124 4
1745677041674 0.5404266715049744 5
1745677049460 0.9774196147918701 6
1745677057267 1.6525321006774902 7
1745677064884 2.8703038692474365 8
1745677072488 4.570375919342041 9
1745677080297 7.427000045776367 10
1745677087693 11.827359199523926 11
1745677095317 17.963834762573242 12
1745677102814 27.37833023071289 13
1745677110503 38.16544723510742 14
1745677117811 53.160789489746094 15
1745677125389 69.8803482055664 16
1745677132652 79.2031478881836 17
1745677140289 94.37844848632812 18
1745677147572 102.16712951660156 19
1745677155182 115.20263671875 20
1745677162406 132.0934600830078 21
1745677170028 149.82081604003906 22
1745677178043 167.91217041015625 23
1745677185273 186.04373168945312 24
