1745677004438 -0.050786782056093216 0
1745677012091 -0.051401715725660324 1
1745677019460 -0.0488974004983902 2
1745677026883 -0.038069918751716614 3
1745677034310 -0.021351678296923637 4
1745677041674 0.007892029359936714 5
1745677049460 0.043274980038404465 6
1745677057267 0.08414918184280396 7
1745677064884 0.12897370755672455 8
1745677072488 0.17822512984275818 9
1745677080297 0.2308456152677536 10
1745677087693 0.2875898778438568 11
1745677095317 0.34815678000450134 12
1745677102814 0.4103056490421295 13
1745677110503 0.4736407995223999 14
1745677117811 0.5378345847129822 15
1745677125389 0.5994995832443237 16
1745677132652 0.6566646099090576 17
1745677140289 0.7002741098403931 18
1745677147572 0.7299836874008179 19
1745677155182 0.7367088794708252 20
1745677162406 0.7366690039634705 21
1745677170028 0.7393898963928223 22
1745677178043 0.7426996231079102 23
1745677185273 0.7414958477020264 24
