1745677004438 40.299949645996094 0
1745677012091 40.299949645996094 1
1745677019460 40.29994583129883 2
1745677026883 40.29972839355469 3
1745677034310 40.29891586303711 4
1745677041674 40.29536056518555 5
1745677049460 40.29069137573242 6
1745677057267 40.28493118286133 7
1745677064884 40.262451171875 8
1745677072488 40.2231559753418 9
1745677080297 40.196590423583984 10
1745677087693 40.13833999633789 11
1745677095317 40.03672409057617 12
1745677102814 39.898658752441406 13
1745677110503 39.768226623535156 14
1745677117811 39.369140625 15
1745677125389 38.97005844116211 16
1745677132652 38.95609664916992 17
1745677140289 38.162193298339844 18
1745677147572 38.180206298828125 19
1745677155182 37.39262390136719 20
1745677162406 37.89225769042969 21
1745677170028 37.17081832885742 22
1745677178043 37.19209289550781 23
1745677185273 36.99336624145508 24
