1745677004438 -0.012301805429160595 0
1745677012091 -0.006684287451207638 1
1745677019460 0.03377667814493179 2
1745677026883 -0.0036017370875924826 3
1745677034310 0.11682575196027756 4
1745677041674 0.2413128912448883 5
1745677049460 0.3344310522079468 6
1745677057267 0.41918039321899414 7
1745677064884 0.4280462861061096 8
1745677072488 0.4987722337245941 9
1745677080297 0.5406401753425598 10
1745677087693 0.5820445418357849 11
1745677095317 0.5593529343605042 12
1745677102814 0.5433064103126526 13
1745677110503 0.5550979971885681 14
1745677117811 0.5622459053993225 15
1745677125389 0.5858495831489563 16
1745677132652 0.5826149582862854 17
1745677140289 0.5922616124153137 18
1745677147572 0.5856873393058777 19
1745677155182 0.6120216250419617 20
1745677162406 0.6153646111488342 21
1745677170028 0.6094441413879395 22
1745677178043 0.6129372119903564 23
1745677185273 0.6378540992736816 24
