1745677004438 0.746297299861908 0
1745677012091 0.748806357383728 1
1745677019460 0.7495658993721008 2
1745677026883 0.7478010654449463 3
1745677034310 0.7481606006622314 4
1745677041674 0.748534619808197 5
1745677049460 0.7469943761825562 6
1745677057267 0.7476930618286133 7
1745677064884 0.7482684254646301 8
1745677072488 0.7473223209381104 9
1745677080297 0.7459667921066284 10
1745677087693 0.7472637891769409 11
1745677095317 0.7462522387504578 12
1745677102814 0.748994767665863 13
1745677110503 0.7481513619422913 14
1745677117811 0.7463905811309814 15
1745677125389 0.7460569739341736 16
1745677132652 0.7460767030715942 17
1745677140289 0.7467483282089233 18
1745677147572 0.7460549473762512 19
1745677155182 0.7476403713226318 20
1745677162406 0.7464512586593628 21
1745677170028 0.7477719783782959 22
1745677178043 0.7471712231636047 23
1745677185273 0.7466315627098083 24
