4.6461e-01
4.1280e-01
4.7513e-01
4.3235e-01
5.1877e-01
3.9960e-01
4.6992e-01
3.8461e-01
4.2314e-01
4.8110e-01
5.0668e-01
2.6990e-01
3.8709e-01
3.7393e-01
3.8731e-01
4.0787e-01
4.0426e-01
4.4873e-01
4.0457e-01
4.0816e-01
4.2095e-01
4.8958e-01
3.8531e-01
5.0374e-01
4.2539e-01
3.4240e-01
4.2769e-01
3.8461e-01
4.5723e-01
4.1572e-01
3.8083e-01
4.4235e-01
4.3213e-01
4.6032e-01
4.6307e-01
4.0018e-01
4.7807e-01
3.9683e-01
4.3068e-01
4.1544e-01
4.8063e-01
4.2416e-01
5.0579e-01
4.7341e-01
4.3435e-01
4.4459e-01
5.0234e-01
4.3280e-01
4.6201e-01
4.1246e-01
4.1689e-01
3.9709e-01
5.2991e-01
4.2451e-01
4.7807e-01
4.5723e-01
4.2420e-01
4.3213e-01
4.4730e-01
4.8110e-01
4.2966e-01
4.4832e-01
4.5670e-01
4.5670e-01
3.7233e-01
4.2212e-01
4.5307e-01
3.6566e-01
3.2659e-01
4.3280e-01
4.4832e-01
4.7377e-01
5.2218e-01
3.8244e-01
4.3321e-01
4.1947e-01
5.1673e-01
4.2314e-01
3.8244e-01
5.3488e-01
4.2420e-01
4.4786e-01
4.4631e-01
3.8531e-01
4.2574e-01
4.5815e-01
4.4786e-01
4.3757e-01
3.8825e-01
4.7513e-01
4.3757e-01
4.1438e-01
4.9352e-01
4.5928e-01
4.3962e-01
4.2725e-01
3.4814e-01
5.4837e-01
4.2077e-01
3.6797e-01
4.1184e-01
4.5135e-01
4.4347e-01
4.3020e-01
4.5035e-01
4.1689e-01
4.4357e-01
4.7640e-01
4.2077e-01
3.2659e-01
4.0910e-01
4.3731e-01
4.1185e-01
5.1162e-01
3.9929e-01
3.5764e-01
4.7426e-01
4.6253e-01
4.5926e-01
4.9687e-01
4.2848e-01
4.4873e-01
4.5564e-01
5.5923e-01
4.1544e-01
4.9132e-01
3.6797e-01
4.0588e-01
4.1053e-01
4.4235e-01
4.0426e-01
4.1434e-01
5.0750e-01
3.5819e-01
4.8370e-01
4.7081e-01
4.2574e-01
4.0787e-01
4.8428e-01
3.8950e-01
3.3843e-01
3.7198e-01
4.3112e-01
4.0903e-01
4.5154e-01
4.4357e-01
4.1185e-01
3.9415e-01
4.2024e-01
4.6253e-01
4.1184e-01
4.5926e-01
4.1434e-01
4.4651e-01
4.6307e-01
4.7808e-01
4.6727e-01
4.3495e-01
3.1045e-01
4.1340e-01
4.8727e-01
5.3366e-01
4.8370e-01
3.8855e-01
3.9443e-01
4.0912e-01
3.7884e-01
3.9438e-01
4.1572e-01
3.9327e-01
4.0591e-01
3.3948e-01
2.2992e-01
3.9415e-01
4.3655e-01
4.0576e-01
4.0910e-01
4.7861e-01
4.5053e-01
4.3020e-01
3.8083e-01
4.7426e-01
5.0182e-01
4.0816e-01
4.9744e-01
4.0588e-01
4.5307e-01
3.9443e-01
4.7341e-01
3.8557e-01
3.6942e-01
4.8428e-01
5.4309e-01
2.6990e-01
4.2276e-01
5.0750e-01
4.7640e-01
4.5928e-01
4.7081e-01
4.3859e-01
4.5035e-01
4.2254e-01
2.0504e-01
4.2848e-01
4.4334e-01
5.1877e-01
4.2420e-01
4.2725e-01
4.9054e-01
4.4719e-01
4.1421e-01
3.3948e-01
4.6733e-01
3.8557e-01
5.3735e-01
4.0576e-01
4.6992e-01
4.3112e-01
4.5564e-01
4.1074e-01
5.0644e-01
3.5819e-01
5.2991e-01
4.0684e-01
3.8709e-01
4.1421e-01
4.3962e-01
4.4503e-01
5.0234e-01
4.6326e-01
4.5365e-01
4.4836e-01
4.5365e-01
4.6898e-01
4.8958e-01
3.9683e-01
5.5923e-01
3.7237e-01
3.9960e-01
4.2966e-01
4.9281e-01
4.1667e-01
4.6032e-01
4.0408e-01
5.4163e-01
5.0668e-01
3.1045e-01
4.7377e-01
3.6566e-01
4.4730e-01
3.7237e-01
5.0867e-01
4.4537e-01
4.4347e-01
4.4896e-01
4.5538e-01
4.2539e-01
4.3566e-01
4.0898e-01
4.4631e-01
4.1074e-01
3.9709e-01
3.7198e-01
4.6568e-01
4.3435e-01
4.4651e-01
3.8731e-01
4.0824e-01
4.5625e-01
5.4534e-01
4.2434e-01
4.6326e-01
4.5154e-01
4.2434e-01
2.0504e-01
3.7393e-01
4.2451e-01
4.1185e-01
4.4334e-01
4.3557e-01
4.2420e-01
4.9054e-01
4.0591e-01
4.0824e-01
3.4814e-01
4.0903e-01
3.8950e-01
4.3321e-01
4.3235e-01
3.6942e-01
4.3731e-01
5.2406e-01
4.4719e-01
4.3566e-01
4.0684e-01
4.3557e-01
4.6568e-01
5.4534e-01
3.8301e-01
4.1185e-01
4.2095e-01
4.2276e-01
4.5614e-01
5.3735e-01
3.5764e-01
4.2024e-01
4.0912e-01
4.5135e-01
4.6727e-01
4.7808e-01
4.8727e-01
4.6461e-01
5.0644e-01
4.0218e-01
3.4240e-01
4.1438e-01
3.7233e-01
3.3843e-01
4.1053e-01
4.2416e-01
3.9438e-01
4.6201e-01
5.4837e-01
4.0898e-01
4.8697e-01
4.4537e-01
4.3068e-01
4.6083e-01
4.0408e-01
4.3791e-01
4.3791e-01
4.7861e-01
4.5625e-01
