1745679528647 7.177056312561035 0
1745679536129 7.207843542098999 1
1745679543500 7.340665340423584 2
1745679550770 7.238343715667725 3
1745679558196 7.392781972885132 4
1745679565450 7.221736907958984 5
1745679572669 7.1848344802856445 6
1745679580082 7.117445945739746 7
1745679587672 7.152701377868652 8
1745679595203 7.241719484329224 9
1745679602656 7.038999795913696 10
1745679610256 7.178859710693359 11
1745679617777 7.23346471786499 12
1745679625240 7.044107675552368 13
1745679632782 7.129019498825073 14
1745679640255 7.187460899353027 15
1745679647374 7.087447643280029 16
1745679654942 7.149299383163452 17
1745679662178 7.203941583633423 18
1745679669288 7.078789949417114 19
1745679677027 7.331775903701782 20
1745679684574 7.253811597824097 21
1745679692137 7.156533479690552 22
1745679699238 7.069939136505127 23
1745679706463 7.193592309951782 24
