1745679528647 0.0 0
1745679536129 1.0 1
1745679543500 2.0 2
1745679550770 3.0 3
1745679558196 4.0 4
1745679565450 5.0 5
1745679572669 6.0 6
1745679580082 7.0 7
1745679587672 8.0 8
1745679595203 9.0 9
1745679602656 10.0 10
1745679610256 11.0 11
1745679617777 12.0 12
1745679625240 13.0 13
1745679632782 14.0 14
1745679640255 15.0 15
1745679647374 16.0 16
1745679654942 17.0 17
1745679662178 18.0 18
1745679669288 19.0 19
1745679677027 20.0 20
1745679684574 21.0 21
1745679692137 22.0 22
1745679699238 23.0 23
1745679706463 24.0 24
