1745679528647 0.0022812781389802694 0
1745679536129 0.003438398474827409 1
1745679543500 0.012011820450425148 2
1745679550770 0.044941410422325134 3
1745679558196 0.1528552919626236 4
1745679565450 0.2770004868507385 5
1745679572669 0.5198765993118286 6
1745679580082 1.0035301446914673 7
1745679587672 1.7550771236419678 8
1745679595203 2.9083971977233887 9
1745679602656 4.526467800140381 10
1745679610256 7.4702582359313965 11
1745679617777 11.754311561584473 12
1745679625240 18.599750518798828 13
1745679632782 27.935911178588867 14
1745679640255 40.674015045166016 15
1745679647374 56.943443298339844 16
1745679654942 80.55690002441406 17
1745679662178 91.07435607910156 18
1745679669288 108.71135711669922 19
1745679677027 126.1635513305664 20
1745679684574 143.46351623535156 21
1745679692137 150.379150390625 22
1745679699238 154.6232452392578 23
1745679706463 171.70310974121094 24
