1745679528647 -0.0856335461139679 0
1745679536129 -0.08523830771446228 1
1745679543500 -0.08521004021167755 2
1745679550770 -0.08558161556720734 3
1745679558196 -0.08055046945810318 4
1745679565450 -0.05974059924483299 5
1745679572669 -0.029428841546177864 6
1745679580082 0.006545334123075008 7
1745679587672 0.04690568894147873 8
1745679595203 0.09172346442937851 9
1745679602656 0.14040590822696686 10
1745679610256 0.19254393875598907 11
1745679617777 0.2496068924665451 12
1745679625240 0.3105297088623047 13
1745679632782 0.3730303943157196 14
1745679640255 0.43583187460899353 15
1745679647374 0.5009627342224121 16
1745679654942 0.5607787370681763 17
1745679662178 0.6261146664619446 18
1745679669288 0.6753838062286377 19
1745679677027 0.7103302478790283 20
1745679684574 0.7316986322402954 21
1745679692137 0.7417006492614746 22
1745679699238 0.7382899522781372 23
1745679706463 0.7380707859992981 24
