1745679528647 40.299949645996094 0
1745679536129 40.299949645996094 1
1745679543500 40.29996109008789 2
1745679550770 40.29991912841797 3
1745679558196 40.299617767333984 4
1745679565450 40.298667907714844 5
1745679572669 40.29489517211914 6
1745679580082 40.29288101196289 7
1745679587672 40.278785705566406 8
1745679595203 40.231143951416016 9
1745679602656 40.205238342285156 10
1745679610256 40.11015701293945 11
1745679617777 40.02073669433594 12
1745679625240 39.93035125732422 13
1745679632782 39.828155517578125 14
1745679640255 39.71681594848633 15
1745679647374 39.31101608276367 16
1745679654942 38.95790100097656 17
1745679662178 38.80792999267578 18
1745679669288 38.342979431152344 19
1745679677027 37.73280334472656 20
1745679684574 36.739925384521484 21
1745679692137 37.736724853515625 22
1745679699238 37.47481918334961 23
1745679706463 37.442955017089844 24
