1745679528647 -0.03783133625984192 0
1745679536129 -0.003726088907569647 1
1745679543500 -0.01316159963607788 2
1745679550770 -0.04119092598557472 3
1745679558196 0.02303730696439743 4
1745679565450 0.09697658568620682 5
1745679572669 0.20015782117843628 6
1745679580082 0.3150857090950012 7
1745679587672 0.4100032150745392 8
1745679595203 0.47610577940940857 9
1745679602656 0.4621484875679016 10
1745679610256 0.5149551630020142 11
1745679617777 0.5440483689308167 12
1745679625240 0.5615684390068054 13
1745679632782 0.5678131580352783 14
1745679640255 0.5822614431381226 15
1745679647374 0.5528275966644287 16
1745679654942 0.5900346636772156 17
1745679662178 0.5597006678581238 18
1745679669288 0.5767877697944641 19
1745679677027 0.593604564666748 20
1745679684574 0.6257268786430359 21
1745679692137 0.5915730595588684 22
1745679699238 0.6242889165878296 23
1745679706463 0.6244722604751587 24
