1745679528647 0.74705970287323 0
1745679536129 0.7462349534034729 1
1745679543500 0.747896671295166 2
1745679550770 0.7472162842750549 3
1745679558196 0.7486565709114075 4
1745679565450 0.7449995279312134 5
1745679572669 0.7492603063583374 6
1745679580082 0.7473540306091309 7
1745679587672 0.7461817264556885 8
1745679595203 0.7474982738494873 9
1745679602656 0.7494711875915527 10
1745679610256 0.7472649216651917 11
1745679617777 0.7472033500671387 12
1745679625240 0.7465130090713501 13
1745679632782 0.7470552921295166 14
1745679640255 0.7459583282470703 15
1745679647374 0.7459733486175537 16
1745679654942 0.7480075359344482 17
1745679662178 0.748039722442627 18
1745679669288 0.7458285689353943 19
1745679677027 0.7459479570388794 20
1745679684574 0.7482820749282837 21
1745679692137 0.7471667528152466 22
1745679699238 0.7481638193130493 23
1745679706463 0.7480469942092896 24
