1.7082e-01
1.1566e-01
1.6226e-01
1.1060e-01
1.6665e-01
1.2779e-01
1.6427e-01
1.4684e-01
1.3153e-01
1.7149e-01
1.6768e-01
1.1269e-01
1.2166e-01
1.5096e-01
9.3899e-02
1.4005e-01
1.2226e-01
1.3688e-01
1.0181e-01
1.2819e-01
1.3649e-01
2.0970e-01
8.4900e-02
1.9099e-01
1.3575e-01
1.6096e-01
1.7486e-01
1.4684e-01
1.4247e-01
1.0974e-01
1.0407e-01
1.2193e-01
1.6574e-01
1.5185e-01
1.3856e-01
1.2802e-01
1.6099e-01
1.1444e-01
1.4768e-01
1.3944e-01
2.0050e-01
1.5629e-01
1.8944e-01
1.5348e-01
1.3712e-01
1.6473e-01
1.6882e-01
1.3137e-01
1.7113e-01
1.2429e-01
1.3295e-01
7.8010e-02
2.0501e-01
1.4376e-01
1.6099e-01
1.4247e-01
1.3246e-01
1.6574e-01
1.2791e-01
1.7149e-01
1.6168e-01
9.9206e-02
1.4394e-01
1.4394e-01
1.3099e-01
1.1872e-01
1.4742e-01
1.1316e-01
1.2729e-01
1.3137e-01
9.9206e-02
1.4302e-01
2.1430e-01
8.2578e-02
1.6329e-01
1.2793e-01
2.0733e-01
1.3153e-01
8.2578e-02
1.9339e-01
1.3459e-01
1.5112e-01
1.3579e-01
8.4900e-02
1.4261e-01
1.6243e-01
1.5112e-01
1.5191e-01
1.8289e-01
1.6226e-01
1.5191e-01
1.5551e-01
1.4992e-01
1.3869e-01
1.3754e-01
1.4214e-01
7.9946e-02
2.2002e-01
1.3387e-01
1.2200e-01
1.2192e-01
1.2705e-01
1.3442e-01
1.5807e-01
1.4872e-01
1.3295e-01
1.4241e-01
1.2997e-01
1.3387e-01
1.2729e-01
1.1813e-01
1.3928e-01
1.2840e-01
2.0613e-01
1.2178e-01
9.4032e-02
1.7020e-01
1.8076e-01
1.4776e-01
1.8680e-01
1.2930e-01
1.3688e-01
1.7818e-01
2.4853e-01
1.3944e-01
1.7937e-01
1.2200e-01
1.1632e-01
1.3293e-01
1.2193e-01
1.2226e-01
1.4380e-01
1.5943e-01
1.1880e-01
2.0998e-01
2.3748e-01
1.4261e-01
1.4005e-01
1.8394e-01
1.2451e-01
1.0180e-01
1.1992e-01
1.3623e-01
1.2061e-01
1.3990e-01
1.4241e-01
1.2840e-01
1.0694e-01
1.5846e-01
1.8076e-01
1.2192e-01
1.4776e-01
1.4380e-01
1.3494e-01
1.3856e-01
1.8983e-01
1.3635e-01
1.2633e-01
9.3339e-02
1.1405e-01
2.0819e-01
2.1791e-01
2.0998e-01
1.2232e-01
1.1512e-01
1.1773e-01
1.1110e-01
1.1794e-01
1.0974e-01
1.0242e-01
1.1813e-01
1.0742e-01
7.5154e-02
1.0694e-01
1.5975e-01
1.0724e-01
1.1813e-01
1.7338e-01
1.4179e-01
1.5807e-01
1.0407e-01
1.7020e-01
2.1359e-01
1.2819e-01
1.3580e-01
1.1632e-01
1.4742e-01
1.1512e-01
1.5348e-01
1.0558e-01
9.2822e-02
1.8394e-01
1.9842e-01
1.1269e-01
1.2133e-01
1.5943e-01
1.2997e-01
1.3869e-01
2.3748e-01
1.2269e-01
1.4872e-01
1.0095e-01
1.0061e-01
1.2930e-01
2.0410e-01
1.6665e-01
1.3246e-01
1.4214e-01
1.8122e-01
1.2928e-01
1.3658e-01
1.0742e-01
1.6760e-01
1.0558e-01
1.7706e-01
1.0724e-01
1.6427e-01
1.3623e-01
1.7818e-01
1.3878e-01
1.9463e-01
1.1880e-01
2.0501e-01
1.5009e-01
1.2166e-01
1.3658e-01
1.3754e-01
1.5121e-01
1.6882e-01
1.3695e-01
1.5760e-01
1.6640e-01
1.5760e-01
1.6130e-01
2.0970e-01
1.1444e-01
2.4853e-01
1.3101e-01
1.2779e-01
1.6168e-01
1.4748e-01
1.3479e-01
1.5185e-01
1.3468e-01
2.1523e-01
1.6768e-01
9.3339e-02
1.4302e-01
1.1316e-01
1.2791e-01
1.3101e-01
1.8335e-01
1.6089e-01
1.3442e-01
1.3550e-01
1.5503e-01
1.3575e-01
1.6097e-01
1.2420e-01
1.3579e-01
1.3878e-01
7.8010e-02
1.1992e-01
1.5356e-01
1.3712e-01
1.3494e-01
9.3899e-02
1.3593e-01
1.6084e-01
2.3962e-01
1.4268e-01
1.3695e-01
1.3990e-01
1.4268e-01
1.0061e-01
1.5096e-01
1.4376e-01
1.2686e-01
2.0410e-01
1.5465e-01
1.3459e-01
1.8122e-01
1.1813e-01
1.3593e-01
7.9946e-02
1.2061e-01
1.2451e-01
1.6329e-01
1.1060e-01
9.2822e-02
1.3928e-01
2.1324e-01
1.2928e-01
1.6097e-01
1.5009e-01
1.5465e-01
1.5356e-01
2.3962e-01
1.3031e-01
1.2686e-01
1.3649e-01
1.2133e-01
1.7033e-01
1.7706e-01
9.4032e-02
1.5846e-01
1.1773e-01
1.2705e-01
1.3635e-01
1.8983e-01
2.0819e-01
1.7082e-01
1.9463e-01
1.3576e-01
1.6096e-01
1.5551e-01
1.3099e-01
1.0180e-01
1.3293e-01
1.5629e-01
1.1794e-01
1.7113e-01
2.2002e-01
1.2420e-01
1.4716e-01
1.6089e-01
1.4768e-01
1.6048e-01
1.3468e-01
1.7124e-01
1.7124e-01
1.7338e-01
1.6084e-01
