6.7796e-01
2.0791e-01
6.8959e-01
4.6930e-01
7.1306e-01
3.1538e-01
6.9757e-01
7.0160e-01
3.0758e-01
6.8986e-01
7.4225e-01
6.6282e-01
2.8336e-01
3.3950e-01
-2.1123e-02
3.6780e-01
5.2096e-01
3.1904e-01
3.8965e-01
3.8982e-01
2.6675e-01
7.0152e-01
2.0046e-01
6.9573e-01
3.7454e-01
7.5476e-01
4.0089e-01
7.0160e-01
5.0145e-01
3.8409e-01
-7.4654e-02
2.1755e-01
6.3564e-01
6.0096e-01
3.7495e-01
5.3304e-01
6.5150e-01
2.7870e-01
5.9198e-01
5.0391e-01
3.9703e-01
6.5843e-01
6.9532e-01
5.1629e-01
5.0207e-01
7.6205e-01
7.0084e-01
3.2487e-01
7.0180e-01
2.2867e-01
7.0282e-01
4.6292e-01
7.4780e-01
3.3027e-01
6.5150e-01
5.0145e-01
4.1083e-01
6.3564e-01
3.9434e-01
6.8986e-01
5.6925e-01
4.2175e-01
1.0601e-01
1.0601e-01
6.2915e-01
6.9200e-01
7.1753e-01
1.4882e-01
7.5853e-01
3.2487e-01
4.2175e-01
5.8609e-01
7.6388e-01
2.8836e-01
5.4810e-01
3.9481e-01
7.1064e-01
3.0758e-01
2.8836e-01
7.6386e-01
5.5162e-01
5.2454e-01
2.7157e-01
2.0046e-01
6.6541e-01
4.6093e-01
5.2454e-01
6.7147e-01
2.9058e-01
6.8959e-01
6.7147e-01
7.0087e-01
7.1108e-01
5.3869e-01
7.3445e-01
6.0197e-01
6.3310e-02
7.6242e-01
6.0417e-01
4.9624e-01
2.4454e-01
5.6736e-01
4.5572e-01
6.2177e-01
7.0423e-01
7.0282e-01
7.2252e-01
6.2832e-01
6.0417e-01
7.5853e-01
3.6694e-01
4.3729e-01
1.8064e-01
7.1414e-01
4.8845e-01
1.8059e-01
6.5345e-01
6.5009e-01
6.3069e-01
6.7561e-01
4.6785e-01
3.1904e-01
6.6678e-01
7.6987e-01
5.0391e-01
6.8789e-01
4.9624e-01
4.3059e-01
4.3347e-01
2.1755e-01
5.2096e-01
6.5487e-01
4.7228e-01
1.1202e-01
7.7058e-01
7.5531e-01
6.6541e-01
3.6780e-01
6.9566e-01
6.4807e-01
2.1023e-01
5.5489e-01
3.9576e-01
1.0406e-01
7.4754e-01
7.2252e-01
1.8064e-01
3.6216e-01
4.0479e-01
6.5009e-01
2.4454e-01
6.3069e-01
6.5487e-01
5.4449e-01
3.7495e-01
7.0140e-01
5.3203e-01
6.0377e-01
-8.5150e-02
4.6729e-01
7.2201e-01
7.7217e-01
7.7058e-01
3.6350e-01
1.6961e-01
3.0198e-01
1.8836e-01
3.4875e-01
3.8409e-01
2.8787e-01
3.6276e-01
6.5550e-02
-8.3711e-02
3.6216e-01
5.4364e-01
4.5874e-01
3.6694e-01
6.2657e-01
4.2695e-01
6.2177e-01
-7.4654e-02
6.5345e-01
6.9901e-01
3.8982e-01
6.5506e-01
4.3059e-01
7.1753e-01
1.6961e-01
5.1629e-01
4.7426e-01
4.3797e-01
6.9566e-01
7.0162e-01
6.6282e-01
3.0896e-01
4.7228e-01
6.2832e-01
5.3869e-01
7.5531e-01
4.9073e-01
7.0423e-01
2.1497e-01
-4.3703e-02
4.6785e-01
7.0142e-01
7.1306e-01
4.1083e-01
6.0197e-01
6.2796e-01
6.2858e-01
4.7230e-01
6.5550e-02
5.7938e-01
4.7426e-01
7.5252e-01
4.5874e-01
6.9757e-01
3.9576e-01
6.6678e-01
5.8432e-01
7.2770e-01
1.1202e-01
7.4780e-01
5.2530e-01
2.8336e-01
4.7230e-01
7.3445e-01
5.3328e-01
7.0084e-01
4.8017e-01
6.6034e-01
6.0580e-01
6.6034e-01
5.9721e-01
7.0152e-01
2.7870e-01
7.6987e-01
5.2527e-01
3.1538e-01
5.6925e-01
6.9388e-01
1.1834e-01
6.0096e-01
6.2485e-01
7.5658e-01
7.4225e-01
-8.5150e-02
5.8609e-01
1.4882e-01
3.9434e-01
5.2527e-01
7.6113e-01
7.3416e-01
4.5572e-01
5.7669e-01
5.4945e-01
3.7454e-01
5.3437e-01
4.7753e-01
2.7157e-01
5.8432e-01
4.6292e-01
5.5489e-01
2.2776e-01
5.0207e-01
5.4449e-01
-2.1123e-02
3.5037e-01
7.6154e-01
7.7101e-01
4.6358e-01
4.8017e-01
7.4754e-01
4.6358e-01
-4.3703e-02
3.3950e-01
3.3027e-01
2.9830e-01
7.0142e-01
7.6793e-01
5.5162e-01
6.2796e-01
3.6276e-01
3.5037e-01
6.3310e-02
1.0406e-01
6.4807e-01
5.4810e-01
4.6930e-01
4.3797e-01
4.3729e-01
7.6016e-01
6.2858e-01
5.3437e-01
5.2530e-01
7.6793e-01
2.2776e-01
7.7101e-01
6.7314e-01
2.9830e-01
2.6675e-01
3.0896e-01
6.6125e-01
7.5252e-01
1.8059e-01
4.0479e-01
3.0198e-01
5.6736e-01
5.3203e-01
7.0140e-01
7.2201e-01
6.7796e-01
7.2770e-01
5.7875e-01
7.5476e-01
7.0087e-01
6.2915e-01
2.1023e-01
4.3347e-01
6.5843e-01
3.4875e-01
7.0180e-01
7.6242e-01
4.7753e-01
7.6616e-01
7.3416e-01
5.9198e-01
6.9511e-01
6.2485e-01
5.3231e-01
5.3231e-01
6.2657e-01
7.6154e-01
