9.8356e-01
5.4084e-01
1.0221e+00
5.6459e-01
1.0236e+00
5.7125e-01
9.0830e-01
9.4606e-01
6.7291e-01
8.4859e-01
9.9799e-01
7.7425e-01
4.7690e-01
6.0176e-01
4.9562e-01
5.8752e-01
9.2187e-01
5.6486e-01
4.8258e-01
6.5551e-01
4.5293e-01
1.0262e+00
5.2304e-01
1.0449e+00
6.9984e-01
9.7628e-01
7.2767e-01
9.4606e-01
1.0056e+00
5.9244e-01
6.5849e-01
6.9539e-01
6.8170e-01
7.8574e-01
6.3104e-01
5.6773e-01
7.0963e-01
4.9176e-01
9.8623e-01
6.2477e-01
9.8945e-01
6.1474e-01
1.0093e+00
7.8169e-01
6.6264e-01
7.4597e-01
1.0031e+00
6.0469e-01
6.9653e-01
6.7755e-01
9.7658e-01
5.6183e-01
1.0168e+00
7.5502e-01
7.0963e-01
1.0056e+00
5.9504e-01
6.8170e-01
4.6983e-01
8.4859e-01
8.3810e-01
5.4509e-01
8.2756e-01
8.2756e-01
8.8718e-01
5.8741e-01
4.9601e-01
5.0699e-01
7.9880e-01
6.0469e-01
5.4509e-01
9.9845e-01
1.0279e+00
5.1228e-01
1.0264e+00
5.6182e-01
1.0313e+00
6.7291e-01
5.1228e-01
1.0339e+00
6.4265e-01
5.5469e-01
5.5319e-01
5.2304e-01
8.3302e-01
9.9197e-01
5.5469e-01
8.4313e-01
9.5971e-01
1.0221e+00
8.4313e-01
1.0296e+00
9.1882e-01
9.0639e-01
5.7742e-01
6.1138e-01
4.3986e-01
1.0381e+00
8.6024e-01
7.8002e-01
4.7253e-01
6.7222e-01
9.7260e-01
6.8425e-01
7.7825e-01
9.7658e-01
6.8996e-01
7.7725e-01
8.6024e-01
7.9880e-01
4.9426e-01
6.0428e-01
5.8208e-01
1.0338e+00
5.7039e-01
4.8761e-01
8.1643e-01
1.0354e+00
6.1390e-01
9.7097e-01
6.3994e-01
5.6486e-01
1.0146e+00
1.0358e+00
6.2477e-01
7.2496e-01
7.8002e-01
5.7131e-01
6.4130e-01
6.9539e-01
9.2187e-01
5.7146e-01
1.0324e+00
4.8523e-01
1.0345e+00
1.0353e+00
8.3302e-01
5.8752e-01
9.7823e-01
7.7805e-01
8.5199e-01
9.3361e-01
6.8647e-01
6.5091e-01
6.3230e-01
6.8996e-01
5.8208e-01
5.6713e-01
7.3806e-01
1.0354e+00
4.7253e-01
6.1390e-01
5.7146e-01
7.0725e-01
6.3104e-01
8.4143e-01
5.8985e-01
6.2535e-01
4.2786e-01
5.6100e-01
9.2416e-01
1.0467e+00
1.0345e+00
4.7064e-01
5.6220e-01
5.1078e-01
4.5446e-01
4.9754e-01
5.9244e-01
5.4983e-01
5.3309e-01
4.7008e-01
5.1596e-01
5.6713e-01
6.2971e-01
6.2866e-01
4.9426e-01
1.0153e+00
7.4590e-01
6.8425e-01
6.5849e-01
8.1643e-01
1.0117e+00
6.5551e-01
9.6077e-01
5.7131e-01
4.9601e-01
5.6220e-01
7.8169e-01
5.3755e-01
4.8992e-01
9.7823e-01
1.0426e+00
7.7425e-01
6.3525e-01
1.0324e+00
7.7725e-01
9.0639e-01
1.0353e+00
9.4618e-01
7.7825e-01
8.4469e-01
5.8654e-01
6.3994e-01
1.0224e+00
1.0236e+00
5.9504e-01
6.1138e-01
8.7128e-01
5.3659e-01
5.4693e-01
4.7008e-01
6.7915e-01
5.3755e-01
1.0465e+00
6.2866e-01
9.0830e-01
6.8647e-01
1.0146e+00
9.6739e-01
1.0182e+00
4.8523e-01
1.0168e+00
6.9089e-01
4.7690e-01
5.4693e-01
5.7742e-01
8.8839e-01
1.0031e+00
8.1735e-01
6.9695e-01
8.0198e-01
6.9695e-01
6.1764e-01
1.0262e+00
4.9176e-01
1.0358e+00
5.8551e-01
5.7125e-01
8.3810e-01
8.1598e-01
7.2472e-01
7.8574e-01
7.4650e-01
1.0351e+00
9.9799e-01
4.2786e-01
9.9845e-01
5.0699e-01
4.6983e-01
5.8551e-01
1.0075e+00
9.3493e-01
9.7260e-01
6.2002e-01
7.0937e-01
6.9984e-01
6.3567e-01
5.8884e-01
5.5319e-01
9.6739e-01
5.6183e-01
9.3361e-01
7.2958e-01
6.6264e-01
7.0725e-01
4.9562e-01
5.7483e-01
9.5479e-01
1.0426e+00
5.1267e-01
8.1735e-01
6.3230e-01
5.1267e-01
5.8654e-01
6.0176e-01
7.5502e-01
5.7267e-01
1.0224e+00
6.5991e-01
6.4265e-01
8.7128e-01
5.3309e-01
5.7483e-01
4.3986e-01
6.5091e-01
7.7805e-01
1.0264e+00
5.6459e-01
4.8992e-01
6.0428e-01
1.0392e+00
5.3659e-01
6.3567e-01
6.9089e-01
6.5991e-01
7.2958e-01
1.0426e+00
7.7770e-01
5.7267e-01
4.5293e-01
6.3525e-01
6.4808e-01
1.0465e+00
4.8761e-01
7.3806e-01
5.1078e-01
6.7222e-01
5.8985e-01
8.4143e-01
9.2416e-01
9.8356e-01
1.0182e+00
8.4809e-01
9.7628e-01
1.0296e+00
8.8718e-01
8.5199e-01
6.4130e-01
6.1474e-01
4.9754e-01
6.9653e-01
1.0381e+00
5.8884e-01
6.9906e-01
9.3493e-01
9.8623e-01
9.8269e-01
7.4650e-01
7.0736e-01
7.0736e-01
1.0153e+00
9.5479e-01
