9.7024e-01
7.6104e-01
9.9726e-01
6.9827e-01
9.9706e-01
7.0081e-01
7.0942e-01
7.3807e-01
8.4677e-01
8.9364e-01
1.0160e+00
6.1654e-01
5.8352e-01
6.4473e-01
7.1671e-01
7.8816e-01
8.0628e-01
6.8869e-01
7.0995e-01
7.8690e-01
6.6392e-01
1.0190e+00
7.7287e-01
1.0149e+00
7.3969e-01
9.2896e-01
1.0037e+00
7.3807e-01
9.7587e-01
5.2838e-01
5.8948e-01
9.1724e-01
6.7985e-01
8.6707e-01
6.6030e-01
6.6331e-01
8.5222e-01
7.1532e-01
9.4395e-01
7.7986e-01
9.4708e-01
7.2976e-01
1.0088e+00
9.1468e-01
7.9133e-01
9.6702e-01
8.4812e-01
7.8243e-01
9.2871e-01
6.7706e-01
8.6180e-01
7.0533e-01
1.0020e+00
8.9136e-01
8.5222e-01
9.7587e-01
7.3540e-01
6.7985e-01
6.8261e-01
8.9364e-01
9.1297e-01
8.7887e-01
6.5721e-01
6.5721e-01
6.7167e-01
7.7287e-01
6.0776e-01
6.5154e-01
7.9590e-01
7.8243e-01
8.7887e-01
8.6125e-01
1.0138e+00
8.6840e-01
1.0016e+00
7.5501e-01
1.0115e+00
8.4677e-01
8.6840e-01
1.0276e+00
8.2017e-01
7.1789e-01
8.1441e-01
7.7287e-01
9.6049e-01
9.2597e-01
7.1789e-01
8.8437e-01
7.9883e-01
9.9726e-01
8.8437e-01
9.5633e-01
9.9551e-01
9.4072e-01
9.8314e-01
8.7874e-01
4.9229e-01
1.0307e+00
7.0884e-01
6.5459e-01
6.7805e-01
9.0828e-01
8.1523e-01
9.6164e-01
9.1758e-01
8.6180e-01
7.2430e-01
8.3902e-01
7.0884e-01
7.9590e-01
6.9762e-01
7.8565e-01
6.8584e-01
1.0262e+00
7.5513e-01
6.7197e-01
9.2652e-01
9.8814e-01
9.0367e-01
9.9319e-01
8.6195e-01
6.8869e-01
9.4176e-01
1.0267e+00
7.7986e-01
9.2095e-01
6.5459e-01
7.2345e-01
7.7762e-01
9.1724e-01
8.0628e-01
7.0520e-01
8.4784e-01
5.7354e-01
1.0330e+00
1.0320e+00
9.6049e-01
7.8816e-01
9.6700e-01
9.7980e-01
6.7697e-01
8.8583e-01
9.0390e-01
8.2073e-01
8.4527e-01
7.2430e-01
6.8584e-01
8.5015e-01
8.8545e-01
9.8814e-01
6.7805e-01
9.0367e-01
7.0520e-01
8.4171e-01
6.6030e-01
8.1253e-01
9.7781e-01
7.7774e-01
4.2129e-01
5.4626e-01
1.0180e+00
5.5708e-01
1.0330e+00
6.9959e-01
8.0156e-01
6.6203e-01
6.6212e-01
6.6047e-01
5.2838e-01
8.1686e-01
7.0782e-01
6.2497e-01
6.3315e-01
8.5015e-01
9.3549e-01
9.0788e-01
6.9762e-01
9.7166e-01
7.8961e-01
9.6164e-01
5.8948e-01
9.2652e-01
1.0267e+00
7.8690e-01
9.6727e-01
7.2345e-01
6.0776e-01
8.0156e-01
9.1468e-01
6.2909e-01
6.5373e-01
9.6700e-01
1.0283e+00
6.1654e-01
7.5089e-01
8.4784e-01
8.3902e-01
9.4072e-01
1.0320e+00
7.3029e-01
9.1758e-01
6.5502e-01
9.8918e-01
8.6195e-01
1.0125e+00
9.9706e-01
7.3540e-01
8.7874e-01
9.9914e-01
7.9414e-01
7.1896e-01
6.2497e-01
9.7968e-01
6.2909e-01
5.2858e-01
9.0788e-01
7.0942e-01
9.0390e-01
9.4176e-01
8.8173e-01
9.9167e-01
5.7354e-01
1.0020e+00
8.4092e-01
5.8352e-01
7.1896e-01
9.8314e-01
8.6935e-01
8.4812e-01
7.6266e-01
9.0315e-01
9.2150e-01
9.0315e-01
7.5535e-01
1.0190e+00
7.1532e-01
1.0267e+00
7.0867e-01
7.0081e-01
9.1297e-01
9.7080e-01
8.0911e-01
8.6707e-01
6.7507e-01
1.0242e+00
1.0160e+00
4.2129e-01
8.6125e-01
6.5154e-01
6.8261e-01
7.0867e-01
1.0000e+00
9.9344e-01
8.1523e-01
8.2533e-01
8.8481e-01
7.3969e-01
9.3766e-01
7.1301e-01
8.1441e-01
8.8173e-01
7.0533e-01
8.8583e-01
7.2581e-01
7.9133e-01
8.4171e-01
7.1671e-01
6.7027e-01
1.0022e+00
1.0316e+00
7.7232e-01
7.6266e-01
8.4527e-01
7.7232e-01
9.8918e-01
6.4473e-01
8.9136e-01
7.1309e-01
1.0125e+00
9.8419e-01
8.2017e-01
9.9914e-01
7.0782e-01
6.7027e-01
4.9229e-01
8.2073e-01
9.7980e-01
1.0016e+00
6.9827e-01
6.5373e-01
7.8565e-01
1.0124e+00
7.9414e-01
9.3766e-01
8.4092e-01
9.8419e-01
7.2581e-01
1.0316e+00
7.8688e-01
7.1309e-01
6.6392e-01
7.5089e-01
9.4316e-01
5.2858e-01
6.7197e-01
8.8545e-01
6.6203e-01
9.0828e-01
9.7781e-01
8.1253e-01
1.0180e+00
9.7024e-01
9.9167e-01
7.1066e-01
9.2896e-01
9.5633e-01
6.7167e-01
6.7697e-01
7.7762e-01
7.2976e-01
6.6047e-01
9.2871e-01
1.0307e+00
7.1301e-01
9.6129e-01
9.9344e-01
9.4395e-01
7.7652e-01
6.7507e-01
8.2706e-01
8.2706e-01
9.7166e-01
1.0022e+00
