1745684714902 8.006302118301392 0
1745684723125 7.931408643722534 1
1745684731637 8.469321966171265 2
1745684739717 8.03345251083374 3
1745684748059 8.296634674072266 4
1745684756251 8.144359111785889 5
1745684764424 8.121679544448853 6
1745684772716 8.240180969238281 7
1745684780909 8.141199111938477 8
1745684788860 7.899876356124878 9
1745684797017 8.104055881500244 10
1745684805353 8.279623985290527 11
1745684813890 8.479079961776733 12
1745684822093 8.146153688430786 13
1745684830355 8.205071687698364 14
1745684838626 8.215389251708984 15
1745684846840 8.155932664871216 16
1745684855123 8.224553346633911 17
1745684863556 8.373664855957031 18
1745684871863 8.2492196559906 19
1745684880080 8.160747766494751 20
1745684888307 8.167595148086548 21
1745684896703 8.337285995483398 22
1745684905064 8.30118203163147 23
1745684913289 8.167384624481201 24
1745684921484 8.139476299285889 25
1745684929779 8.235385656356812 26
1745684938001 8.163766622543335 27
1745684946245 8.188277006149292 28
1745684954589 8.2883460521698 29
1745684962690 8.04179048538208 30
1745684971146 8.395228385925293 31
1745684979460 8.2541663646698 32
1745684988079 8.558384895324707 33
1745684996533 8.392350435256958 34
1745685004861 8.265782594680786 35
1745685013074 8.154253005981445 36
1745685021450 8.317531108856201 37
1745685029747 8.239902257919312 38
1745685038067 8.263202905654907 39
1745685046315 8.190875053405762 40
1745685054772 8.398802280426025 41
1745685063263 8.431381940841675 42
1745685071653 8.32858920097351 43
1745685080010 8.300325155258179 44
1745685088231 8.163336038589478 45
1745685096530 8.240534782409668 46
1745685104758 8.168076038360596 47
1745685113145 8.328182697296143 48
1745685121572 8.367318630218506 49
1745685129966 8.332292795181274 50
1745685138110 8.087098360061646 51
1745685146330 8.158795595169067 52
1745685154486 8.097019672393799 53
1745685162717 8.17107105255127 54
1745685171083 8.305077075958252 55
1745685179520 8.376160144805908 56
1745685187924 8.345307111740112 57
1745685196151 8.16869306564331 58
1745685204341 8.131294965744019 59
1745685212623 8.221671342849731 60
1745685220775 8.093939781188965 61
1745685229040 8.205440998077393 62
1745685237450 8.348752498626709 63
1745685245872 8.358563661575317 64
1745685254133 8.200919151306152 65
1745685262395 8.201078176498413 66
1745685270618 8.165698528289795 67
1745685278883 8.204268455505371 68
1745685287163 8.221176385879517 69
1745685295452 8.22920560836792 70
1745685303637 8.125074863433838 71
1745685311876 8.18092656135559 72
1745685320208 8.272404193878174 73
1745685328535 8.267224550247192 74
1745685336836 8.244884490966797 75
1745685345174 8.280343532562256 76
1745685353428 8.19493818283081 77
1745685361781 8.292739391326904 78
1745685370039 8.196369409561157 79
1745685378286 8.189322233200073 80
1745685386634 8.28865098953247 81
1745685394765 8.073404312133789 82
1745685403290 8.4673752784729 83
1745685411670 8.321134090423584 84
1745685419838 8.110172510147095 85
1745685427970 8.074151515960693 86
1745685436103 8.073729753494263 87
1745685444238 8.075825929641724 88
1745685452388 8.091022968292236 89
1745685460534 8.086735010147095 90
1745685468730 8.13907504081726 91
1745685476776 7.9851319789886475 92
1745685484968 8.133163690567017 93
1745685493153 8.1243314743042 94
1745685501530 8.317245483398438 95
1745685509767 8.176352977752686 96
