1745684714902 0.0 0
1745684723125 1.0 1
1745684731637 2.0 2
1745684739717 3.0 3
1745684748059 4.0 4
1745684756251 5.0 5
1745684764424 6.0 6
1745684772716 7.0 7
1745684780909 8.0 8
1745684788860 9.0 9
1745684797017 10.0 10
1745684805353 11.0 11
1745684813890 12.0 12
1745684822093 13.0 13
1745684830355 14.0 14
1745684838626 15.0 15
1745684846840 16.0 16
1745684855123 17.0 17
1745684863556 18.0 18
1745684871863 19.0 19
1745684880080 20.0 20
1745684888307 21.0 21
1745684896703 22.0 22
1745684905064 23.0 23
1745684913289 24.0 24
1745684921484 25.0 25
1745684929779 26.0 26
1745684938001 27.0 27
1745684946245 28.0 28
1745684954589 29.0 29
1745684962690 30.0 30
1745684971146 31.0 31
1745684979460 32.0 32
1745684988079 33.0 33
1745684996533 34.0 34
1745685004861 35.0 35
1745685013074 36.0 36
1745685021450 37.0 37
1745685029747 38.0 38
1745685038067 39.0 39
1745685046315 40.0 40
1745685054772 41.0 41
1745685063263 42.0 42
1745685071653 43.0 43
1745685080010 44.0 44
1745685088231 45.0 45
1745685096530 46.0 46
1745685104758 47.0 47
1745685113145 48.0 48
1745685121572 49.0 49
1745685129966 50.0 50
1745685138110 51.0 51
1745685146330 52.0 52
1745685154486 53.0 53
1745685162717 54.0 54
1745685171083 55.0 55
1745685179520 56.0 56
1745685187924 57.0 57
1745685196151 58.0 58
1745685204341 59.0 59
1745685212623 60.0 60
1745685220775 61.0 61
1745685229040 62.0 62
1745685237450 63.0 63
1745685245872 64.0 64
1745685254133 65.0 65
1745685262395 66.0 66
1745685270618 67.0 67
1745685278883 68.0 68
1745685287163 69.0 69
1745685295452 70.0 70
1745685303637 71.0 71
1745685311876 72.0 72
1745685320208 73.0 73
1745685328535 74.0 74
1745685336836 75.0 75
1745685345174 76.0 76
1745685353428 77.0 77
1745685361781 78.0 78
1745685370039 79.0 79
1745685378286 80.0 80
1745685386634 81.0 81
1745685394765 82.0 82
1745685403290 83.0 83
1745685411670 84.0 84
1745685419838 85.0 85
1745685427970 86.0 86
1745685436103 87.0 87
1745685444238 88.0 88
1745685452388 89.0 89
1745685460534 90.0 90
1745685468730 91.0 91
1745685476776 92.0 92
1745685484968 93.0 93
1745685493153 94.0 94
1745685501530 95.0 95
1745685509767 96.0 96
