1745684714902 3.953090345021337e-05 0
1745684723125 5.182101085665636e-05 1
1745684731637 4.0519524191040546e-05 2
1745684739717 3.715866114362143e-05 3
1745684748059 3.883747194777243e-05 4
1745684756251 4.968359644408338e-05 5
1745684764424 3.782570638577454e-05 6
1745684772716 4.541271482594311e-05 7
1745684780909 4.813718987861648e-05 8
1745684788860 4.250744677847251e-05 9
1745684797017 4.003081630798988e-05 10
1745684805353 3.980071051046252e-05 11
1745684813890 3.771293631871231e-05 12
1745684822093 3.932245817850344e-05 13
1745684830355 4.058695412822999e-05 14
1745684838626 4.1477713239146397e-05 15
1745684846840 3.828254921245389e-05 16
1745684855123 4.273898957762867e-05 17
1745684863556 4.3099033064208925e-05 18
1745684871863 4.163033372606151e-05 19
1745684880080 4.0826645999914035e-05 20
1745684888307 3.866135739372112e-05 21
1745684896703 4.497722693486139e-05 22
1745684905064 3.802243008976802e-05 23
1745684913289 4.1645209421403706e-05 24
1745684921484 4.317520506447181e-05 25
1745684929779 4.0082846680888906e-05 26
1745684938001 4.0019840525928885e-05 27
1745684946245 3.885340629494749e-05 28
1745684954589 4.0969400288304314e-05 29
1745684962690 4.0232993342215195e-05 30
1745684971146 4.566384450299665e-05 31
1745684979460 4.585657734423876e-05 32
1745684988079 4.2356474295957014e-05 33
1745684996533 4.552651444100775e-05 34
1745685004861 4.081708175363019e-05 35
1745685013074 5.290850094752386e-05 36
1745685021450 4.489445927902125e-05 37
1745685029747 4.3052776163676754e-05 38
1745685038067 4.109054498258047e-05 39
1745685046315 3.9351398299913853e-05 40
1745685054772 4.460032869246788e-05 41
1745685063263 4.19044699810911e-05 42
1745685071653 4.8422414693050086e-05 43
1745685080010 4.1899795178323984e-05 44
1745685088231 4.010728662251495e-05 45
1745685096530 4.254802843206562e-05 46
1745685104758 4.5374097680905834e-05 47
1745685113145 4.255894964444451e-05 48
1745685121572 4.2317056795582175e-05 49
1745685129966 4.347697176854126e-05 50
1745685138110 4.5370870793703943e-05 51
1745685146330 4.4486718252301216e-05 52
1745685154486 4.370666647446342e-05 53
1745685162717 4.329875446273945e-05 54
1745685171083 4.788414662471041e-05 55
1745685179520 4.3797434045700356e-05 56
1745685187924 4.526404882199131e-05 57
1745685196151 4.449808329809457e-05 58
1745685204341 4.259876732248813e-05 59
1745685212623 4.9182501243194565e-05 60
1745685220775 4.632052150554955e-05 61
1745685229040 5.098149995319545e-05 62
1745685237450 4.8975576646625996e-05 63
1745685245872 5.3762789320899174e-05 64
1745685254133 4.4028325646650046e-05 65
1745685262395 4.7983765398385e-05 66
1745685270618 4.938106212648563e-05 67
1745685278883 5.0131220632465556e-05 68
1745685287163 5.176310514798388e-05 69
1745685295452 4.859679756918922e-05 70
1745685303637 5.322933429852128e-05 71
1745685311876 5.217234865995124e-05 72
1745685320208 5.6764951295917854e-05 73
1745685328535 5.442258407128975e-05 74
1745685336836 5.484712892211974e-05 75
1745685345174 6.0316069721011445e-05 76
1745685353428 5.8780176914297044e-05 77
1745685361781 6.0606893384829164e-05 78
1745685370039 6.483900506282225e-05 79
1745685378286 6.801376730436459e-05 80
1745685386634 6.342451524687931e-05 81
1745685394765 7.134658517315984e-05 82
1745685403290 7.976092456374317e-05 83
1745685411670 8.192102541215718e-05 84
1745685419838 9.665141260484233e-05 85
1745685427970 0.00010241999552818015 86
1745685436103 0.00012476806296035647 87
1745685444238 0.000152506836457178 88
1745685452388 0.00018489481590222567 89
1745685460534 0.0002306931564817205 90
1745685468730 0.00026763492496684194 91
1745685476776 0.00032763316994532943 92
1745685484968 0.00033899981644935906 93
1745685493153 0.00047427264507859945 94
1745685501530 0.0005203550681471825 95
1745685509767 0.0007505796384066343 96
