1745684714902 0.04699718952178955 0
1745684723125 0.04682008922100067 1
1745684731637 0.04687437415122986 2
1745684739717 0.046902988106012344 3
1745684748059 0.04706377536058426 4
1745684756251 0.047231510281562805 5
1745684764424 0.04751845449209213 6
1745684772716 0.04751388728618622 7
1745684780909 0.04730656370520592 8
1745684788860 0.0475800596177578 9
1745684797017 0.04767090082168579 10
1745684805353 0.04752855747938156 11
1745684813890 0.04741277918219566 12
1745684822093 0.04738646000623703 13
1745684830355 0.04722883179783821 14
1745684838626 0.04719221591949463 15
1745684846840 0.04695957899093628 16
1745684855123 0.04696616902947426 17
1745684863556 0.04693126678466797 18
1745684871863 0.04675376042723656 19
1745684880080 0.046570684760808945 20
1745684888307 0.04672371223568916 21
1745684896703 0.0468682162463665 22
1745684905064 0.046919435262680054 23
1745684913289 0.046906717121601105 24
1745684921484 0.046700987964868546 25
1745684929779 0.04658922553062439 26
1745684938001 0.046573616564273834 27
1745684946245 0.04672481492161751 28
1745684954589 0.04683832824230194 29
1745684962690 0.046782493591308594 30
1745684971146 0.04682072252035141 31
1745684979460 0.046870630234479904 32
1745684988079 0.04710393399000168 33
1745684996533 0.047261323779821396 34
1745685004861 0.047295134514570236 35
1745685013074 0.04736854135990143 36
1745685021450 0.047783851623535156 37
1745685029747 0.047935448586940765 38
1745685038067 0.04796276614069939 39
1745685046315 0.048086151480674744 40
1745685054772 0.047979291528463364 41
1745685063263 0.04778031259775162 42
1745685071653 0.04792596399784088 43
1745685080010 0.048167821019887924 44
1745685088231 0.04837198555469513 45
1745685096530 0.04847472906112671 46
1745685104758 0.048619695007801056 47
1745685113145 0.04881605505943298 48
1745685121572 0.048984602093696594 49
1745685129966 0.04912402853369713 50
1745685138110 0.049284927546978 51
1745685146330 0.04947260394692421 52
1745685154486 0.0493706539273262 53
1745685162717 0.0489661805331707 54
1745685171083 0.048658616840839386 55
1745685179520 0.04835882410407066 56
1745685187924 0.04837809503078461 57
1745685196151 0.04842748865485191 58
1745685204341 0.048343684524297714 59
1745685212623 0.04832281544804573 60
1745685220775 0.0480915829539299 61
1745685229040 0.04817349091172218 62
1745685237450 0.04827801510691643 63
1745685245872 0.04840359836816788 64
1745685254133 0.04852626100182533 65
1745685262395 0.048695437610149384 66
1745685270618 0.048768967390060425 67
1745685278883 0.0487932488322258 68
1745685287163 0.04857568070292473 69
1745685295452 0.048729754984378815 70
1745685303637 0.04872103035449982 71
1745685311876 0.04854363203048706 72
1745685320208 0.048333000391721725 73
1745685328535 0.04810550436377525 74
1745685336836 0.04817461967468262 75
1745685345174 0.04809430241584778 76
1745685353428 0.04791628196835518 77
1745685361781 0.04793574661016464 78
1745685370039 0.04816962778568268 79
1745685378286 0.04832930862903595 80
1745685386634 0.04856981337070465 81
1745685394765 0.04857366904616356 82
1745685403290 0.048698790371418 83
1745685411670 0.048950716853141785 84
1745685419838 0.049045294523239136 85
1745685427970 0.04872724413871765 86
1745685436103 0.04853407293558121 87
1745685444238 0.048214275389909744 88
1745685452388 0.04810304194688797 89
1745685460534 0.04823723062872887 90
1745685468730 0.048419032245874405 91
1745685476776 0.04843493178486824 92
1745685484968 0.048337601125240326 93
1745685493153 0.04819684848189354 94
1745685501530 0.04799472540616989 95
1745685509767 0.04800572991371155 96
