1745684714902 2.5293729305267334 0
1745684723125 2.5293729305267334 1
1745684731637 2.5293726921081543 2
1745684739717 2.5293731689453125 3
1745684748059 2.5293729305267334 4
1745684756251 2.5293729305267334 5
1745684764424 2.5293731689453125 6
1745684772716 2.5293731689453125 7
1745684780909 2.5293729305267334 8
1745684788860 2.5293729305267334 9
1745684797017 2.5293731689453125 10
1745684805353 2.5293731689453125 11
1745684813890 2.5293729305267334 12
1745684822093 2.5293731689453125 13
1745684830355 2.5293731689453125 14
1745684838626 2.5293731689453125 15
1745684846840 2.5293731689453125 16
1745684855123 2.5293731689453125 17
1745684863556 2.5293729305267334 18
1745684871863 2.5293731689453125 19
1745684880080 2.5293729305267334 20
1745684888307 2.5293729305267334 21
1745684896703 2.5293731689453125 22
1745684905064 2.5293731689453125 23
1745684913289 2.5293726921081543 24
1745684921484 2.5293731689453125 25
1745684929779 2.5293731689453125 26
1745684938001 2.5293726921081543 27
1745684946245 2.5293729305267334 28
1745684954589 2.5293731689453125 29
1745684962690 2.5293731689453125 30
1745684971146 2.5293729305267334 31
1745684979460 2.5293731689453125 32
1745684988079 2.5293731689453125 33
1745684996533 2.5293729305267334 34
1745685004861 2.5293729305267334 35
1745685013074 2.5293726921081543 36
1745685021450 2.5293731689453125 37
1745685029747 2.5293731689453125 38
1745685038067 2.5293731689453125 39
1745685046315 2.5293729305267334 40
1745685054772 2.5293731689453125 41
1745685063263 2.5293731689453125 42
1745685071653 2.5293731689453125 43
1745685080010 2.5293729305267334 44
1745685088231 2.5293731689453125 45
1745685096530 2.5293731689453125 46
1745685104758 2.5293729305267334 47
1745685113145 2.5293731689453125 48
1745685121572 2.5293731689453125 49
1745685129966 2.5293731689453125 50
1745685138110 2.5293729305267334 51
1745685146330 2.5293731689453125 52
1745685154486 2.5293729305267334 53
1745685162717 2.5293729305267334 54
1745685171083 2.5293729305267334 55
1745685179520 2.5293726921081543 56
1745685187924 2.5293731689453125 57
1745685196151 2.5293731689453125 58
1745685204341 2.5293731689453125 59
1745685212623 2.5293729305267334 60
1745685220775 2.5293726921081543 61
1745685229040 2.5293731689453125 62
1745685237450 2.5293731689453125 63
1745685245872 2.5293731689453125 64
1745685254133 2.5293729305267334 65
1745685262395 2.5293726921081543 66
1745685270618 2.5293729305267334 67
1745685278883 2.5293729305267334 68
1745685287163 2.5293729305267334 69
1745685295452 2.5293731689453125 70
1745685303637 2.5293729305267334 71
1745685311876 2.5293731689453125 72
1745685320208 2.5293731689453125 73
1745685328535 2.5293729305267334 74
1745685336836 2.5293729305267334 75
1745685345174 2.5293726921081543 76
1745685353428 2.5293731689453125 77
1745685361781 2.5293729305267334 78
1745685370039 2.5293726921081543 79
1745685378286 2.5293729305267334 80
1745685386634 2.5293729305267334 81
1745685394765 2.5293729305267334 82
1745685403290 2.5293729305267334 83
1745685411670 2.5293729305267334 84
1745685419838 2.5293729305267334 85
1745685427970 2.5293726921081543 86
1745685436103 2.5293726921081543 87
1745685444238 2.5293729305267334 88
1745685452388 2.5293729305267334 89
1745685460534 2.5293726921081543 90
1745685468730 2.5293726921081543 91
1745685476776 2.529372215270996 92
1745685484968 2.5293726921081543 93
1745685493153 2.5293731689453125 94
1745685501530 2.529372215270996 95
1745685509767 2.529372453689575 96
