1745684714902 0.021641938015818596 0
1745684723125 -0.003851488698273897 1
1745684731637 -0.03074190765619278 2
1745684739717 -0.009844029322266579 3
1745684748059 -0.024735156446695328 4
1745684756251 -0.033029381185770035 5
1745684764424 0.002333151875063777 6
1745684772716 -0.021010812371969223 7
1745684780909 -0.009704642929136753 8
1745684788860 0.00922442227602005 9
1745684797017 -0.05655203014612198 10
1745684805353 0.041533295065164566 11
1745684813890 -0.05485415831208229 12
1745684822093 -0.01088208518922329 13
1745684830355 -0.0026774287689477205 14
1745684838626 -0.07961348444223404 15
1745684846840 -0.022754507139325142 16
1745684855123 -0.0074781267903745174 17
1745684863556 0.01330251432955265 18
1745684871863 -0.025156909599900246 19
1745684880080 0.004487945698201656 20
1745684888307 -0.029715964570641518 21
1745684896703 -0.04277441278100014 22
1745684905064 0.05887516960501671 23
1745684913289 0.007760535925626755 24
1745684921484 -0.04235607758164406 25
1745684929779 0.005020592361688614 26
1745684938001 -0.05055342614650726 27
1745684946245 -0.019070062786340714 28
1745684954589 0.022866399958729744 29
1745684962690 0.006631042808294296 30
1745684971146 -0.03259925916790962 31
1745684979460 -0.0862908661365509 32
1745684988079 -0.01546389888972044 33
1745684996533 0.017327556386590004 34
1745685004861 -0.004374011419713497 35
1745685013074 -0.004216456785798073 36
1745685021450 -0.005316706839948893 37
1745685029747 -0.021800674498081207 38
1745685038067 0.021285291761159897 39
1745685046315 0.03148800879716873 40
1745685054772 0.08464080840349197 41
1745685063263 -0.004003267269581556 42
1745685071653 -0.03670542687177658 43
1745685080010 -0.01995876058936119 44
1745685088231 0.0014053905615583062 45
1745685096530 -0.030850624665617943 46
1745685104758 -0.02902512066066265 47
1745685113145 0.02815762721002102 48
1745685121572 -0.000870727002620697 49
1745685129966 0.004039401654154062 50
1745685138110 0.023358771577477455 51
1745685146330 0.009708479978144169 52
1745685154486 0.013341430574655533 53
1745685162717 -0.00970660150051117 54
1745685171083 0.031205477192997932 55
1745685179520 -0.018812600523233414 56
1745685187924 -0.00712321512401104 57
1745685196151 0.007835472002625465 58
1745685204341 0.03548780456185341 59
1745685212623 0.00331645249389112 60
1745685220775 0.02976624108850956 61
1745685229040 -0.08669892698526382 62
1745685237450 -0.006811614613980055 63
1745685245872 -0.01876056380569935 64
1745685254133 -0.005563876125961542 65
1745685262395 -0.0008744554943405092 66
1745685270618 0.0073889861814677715 67
1745685278883 -0.004113062750548124 68
1745685287163 0.052353356033563614 69
1745685295452 -0.0062745255418121815 70
1745685303637 0.0006239807116799057 71
1745685311876 -0.039009008556604385 72
1745685320208 0.007534501608461142 73
1745685328535 0.03535648435354233 74
1745685336836 -0.029530461877584457 75
1745685345174 -0.004163504112511873 76
1745685353428 -0.04814881086349487 77
1745685361781 -0.052582748234272 78
1745685370039 -0.009681846015155315 79
1745685378286 0.02136375941336155 80
1745685386634 0.01959266886115074 81
1745685394765 -0.03820711374282837 82
1745685403290 0.06248779967427254 83
1745685411670 -0.03409585356712341 84
1745685419838 -0.004019738174974918 85
1745685427970 0.03438188135623932 86
1745685436103 -0.03496314957737923 87
1745685444238 -0.012352926656603813 88
1745685452388 0.074683777987957 89
1745685460534 -0.018480733036994934 90
1745685468730 0.07528471946716309 91
1745685476776 -0.031290438026189804 92
1745685484968 0.009828479960560799 93
1745685493153 0.039133429527282715 94
1745685501530 -0.0032458887435495853 95
1745685509767 -0.04228963330388069 96
