1745684714902 0.7411623001098633 0
1745684723125 0.7404041290283203 1
1745684731637 0.7415326833724976 2
1745684739717 0.7419958710670471 3
1745684748059 0.7429873943328857 4
1745684756251 0.7409152984619141 5
1745684764424 0.7416900992393494 6
1745684772716 0.7409902811050415 7
1745684780909 0.7413763403892517 8
1745684788860 0.7420913577079773 9
1745684797017 0.7415239810943604 10
1745684805353 0.7403947710990906 11
1745684813890 0.7418268322944641 12
1745684822093 0.7427210211753845 13
1745684830355 0.7416801452636719 14
1745684838626 0.7420175075531006 15
1745684846840 0.7419459819793701 16
1745684855123 0.7420130372047424 17
1745684863556 0.7412817478179932 18
1745684871863 0.7403852939605713 19
1745684880080 0.7411738634109497 20
1745684888307 0.7422258257865906 21
1745684896703 0.7419427037239075 22
1745684905064 0.7430185675621033 23
1745684913289 0.7426838278770447 24
1745684921484 0.739620566368103 25
1745684929779 0.7416953444480896 26
1745684938001 0.7400263547897339 27
1745684946245 0.7417522072792053 28
1745684954589 0.7418071031570435 29
1745684962690 0.7413807511329651 30
1745684971146 0.7415621280670166 31
1745684979460 0.7414568662643433 32
1745684988079 0.7415223121643066 33
1745684996533 0.7409560680389404 34
1745685004861 0.7434180378913879 35
1745685013074 0.7413948178291321 36
1745685021450 0.7441708445549011 37
1745685029747 0.7417312264442444 38
1745685038067 0.742814838886261 39
1745685046315 0.7408578395843506 40
1745685054772 0.7421625852584839 41
1745685063263 0.74089515209198 42
1745685071653 0.7416552305221558 43
1745685080010 0.7421962022781372 44
1745685088231 0.7413749694824219 45
1745685096530 0.7431223392486572 46
1745685104758 0.7423956990242004 47
1745685113145 0.7415542006492615 48
1745685121572 0.7439357042312622 49
1745685129966 0.741911768913269 50
1745685138110 0.7427393198013306 51
1745685146330 0.7414249181747437 52
1745685154486 0.7438148856163025 53
1745685162717 0.7427098155021667 54
1745685171083 0.7404809594154358 55
1745685179520 0.7411495447158813 56
1745685187924 0.7425367832183838 57
1745685196151 0.7419198155403137 58
1745685204341 0.740873396396637 59
1745685212623 0.7429282665252686 60
1745685220775 0.7406944632530212 61
1745685229040 0.7411417961120605 62
1745685237450 0.7403558492660522 63
1745685245872 0.7411016821861267 64
1745685254133 0.7424085140228271 65
1745685262395 0.7429881691932678 66
1745685270618 0.7412687540054321 67
1745685278883 0.7423809170722961 68
1745685287163 0.7418954372406006 69
1745685295452 0.7419525980949402 70
1745685303637 0.7417055368423462 71
1745685311876 0.742886483669281 72
1745685320208 0.7406930327415466 73
1745685328535 0.7413038015365601 74
1745685336836 0.7415415644645691 75
1745685345174 0.7404534220695496 76
1745685353428 0.7416427135467529 77
1745685361781 0.7402149438858032 78
1745685370039 0.7428122162818909 79
1745685378286 0.7415087819099426 80
1745685386634 0.7405672073364258 81
1745685394765 0.742093563079834 82
1745685403290 0.7421173453330994 83
1745685411670 0.7419729232788086 84
1745685419838 0.7436802983283997 85
1745685427970 0.7420428395271301 86
1745685436103 0.7409154176712036 87
1745685444238 0.7418432235717773 88
1745685452388 0.7413557171821594 89
1745685460534 0.7420315146446228 90
1745685468730 0.7414427399635315 91
1745685476776 0.7434335947036743 92
1745685484968 0.7426807880401611 93
1745685493153 0.7414035201072693 94
1745685501530 0.7422770857810974 95
1745685509767 0.7425026893615723 96
