1.4102e-01
1.3247e-01
1.4804e-01
1.2127e-01
1.4817e-01
1.3087e-01
1.3199e-01
1.4320e-01
1.3778e-01
1.3789e-01
1.4251e-01
1.4090e-01
1.1878e-01
1.2949e-01
1.2146e-01
1.3150e-01
1.2468e-01
1.3215e-01
1.2326e-01
1.1902e-01
1.3350e-01
1.5909e-01
1.3235e-01
1.5265e-01
1.3289e-01
1.3442e-01
1.3959e-01
1.4320e-01
1.4766e-01
1.1851e-01
1.3029e-01
1.2253e-01
1.2280e-01
1.4760e-01
1.3488e-01
1.3211e-01
1.3186e-01
1.1962e-01
1.4325e-01
1.3426e-01
1.5327e-01
1.3069e-01
1.5719e-01
1.4118e-01
1.4131e-01
1.3991e-01
1.6503e-01
1.3799e-01
1.3568e-01
1.2200e-01
1.3873e-01
1.2709e-01
1.7017e-01
1.2611e-01
1.3186e-01
1.4766e-01
1.3269e-01
1.2280e-01
1.2081e-01
1.3789e-01
1.3492e-01
1.3654e-01
1.3002e-01
1.3002e-01
1.4547e-01
1.3978e-01
1.1718e-01
1.2060e-01
1.4037e-01
1.3799e-01
1.3654e-01
1.4024e-01
1.5699e-01
1.3239e-01
1.6593e-01
1.2006e-01
1.6305e-01
1.3778e-01
1.3239e-01
1.6763e-01
1.3471e-01
1.4070e-01
1.3299e-01
1.3235e-01
1.3394e-01
1.4220e-01
1.4070e-01
1.1887e-01
1.4427e-01
1.4804e-01
1.1887e-01
1.4234e-01
1.4511e-01
1.3422e-01
1.3763e-01
1.3888e-01
1.2077e-01
1.8189e-01
1.3229e-01
1.3726e-01
1.1921e-01
1.2779e-01
1.2797e-01
1.3437e-01
1.4291e-01
1.3873e-01
1.4276e-01
1.2564e-01
1.3229e-01
1.4037e-01
1.1832e-01
1.2120e-01
1.3328e-01
1.6403e-01
1.2219e-01
1.1086e-01
1.4669e-01
1.4950e-01
1.3261e-01
1.5241e-01
1.3725e-01
1.3215e-01
1.3913e-01
1.7704e-01
1.3426e-01
1.5526e-01
1.3726e-01
1.2134e-01
1.2386e-01
1.2253e-01
1.2468e-01
1.3647e-01
1.3608e-01
1.1786e-01
1.7309e-01
1.4917e-01
1.3394e-01
1.3150e-01
1.5325e-01
1.3371e-01
1.2424e-01
1.2855e-01
1.3744e-01
1.3857e-01
1.2954e-01
1.4276e-01
1.3328e-01
1.2356e-01
1.3705e-01
1.4950e-01
1.1921e-01
1.3261e-01
1.3647e-01
1.3484e-01
1.3488e-01
1.4230e-01
1.3221e-01
1.2412e-01
1.0318e-01
1.1854e-01
1.5986e-01
1.8319e-01
1.7309e-01
1.2075e-01
1.3208e-01
1.2114e-01
1.1571e-01
1.2274e-01
1.1851e-01
1.3297e-01
1.1796e-01
1.1390e-01
1.1452e-01
1.2356e-01
1.4214e-01
1.2560e-01
1.1832e-01
1.5673e-01
1.2974e-01
1.3437e-01
1.3029e-01
1.4669e-01
1.7123e-01
1.1902e-01
1.2857e-01
1.2134e-01
1.1718e-01
1.3208e-01
1.4118e-01
1.1860e-01
1.1702e-01
1.5325e-01
1.5430e-01
1.4090e-01
1.3221e-01
1.3608e-01
1.2564e-01
1.3422e-01
1.4917e-01
1.3380e-01
1.4291e-01
1.5057e-01
9.8006e-02
1.3725e-01
1.5480e-01
1.4817e-01
1.3269e-01
1.3888e-01
1.4465e-01
1.2366e-01
1.2388e-01
1.1390e-01
1.3504e-01
1.1860e-01
1.6786e-01
1.2560e-01
1.3199e-01
1.3744e-01
1.3913e-01
1.5579e-01
1.5100e-01
1.1786e-01
1.7017e-01
1.4031e-01
1.1878e-01
1.2388e-01
1.3763e-01
1.3711e-01
1.6503e-01
1.2918e-01
1.4250e-01
1.3840e-01
1.4250e-01
1.4161e-01
1.5909e-01
1.1962e-01
1.7704e-01
1.1977e-01
1.3087e-01
1.3492e-01
1.3464e-01
1.3262e-01
1.4760e-01
1.2314e-01
1.8538e-01
1.4251e-01
1.0318e-01
1.4024e-01
1.2060e-01
1.2081e-01
1.1977e-01
1.5753e-01
1.2756e-01
1.2797e-01
1.3275e-01
1.4163e-01
1.3289e-01
1.4594e-01
1.3450e-01
1.3299e-01
1.5579e-01
1.2709e-01
1.2855e-01
1.3321e-01
1.4131e-01
1.3484e-01
1.2146e-01
1.3098e-01
1.2610e-01
1.6255e-01
1.3368e-01
1.2918e-01
1.2954e-01
1.3368e-01
9.8006e-02
1.2949e-01
1.2611e-01
1.3196e-01
1.5480e-01
1.2534e-01
1.3471e-01
1.4465e-01
1.1796e-01
1.3098e-01
1.2077e-01
1.3857e-01
1.3371e-01
1.6593e-01
1.2127e-01
1.1702e-01
1.2120e-01
1.6051e-01
1.2366e-01
1.4594e-01
1.4031e-01
1.2534e-01
1.3321e-01
1.6255e-01
1.1097e-01
1.3196e-01
1.3350e-01
1.3221e-01
1.3089e-01
1.6786e-01
1.1086e-01
1.3705e-01
1.2114e-01
1.2779e-01
1.3221e-01
1.4230e-01
1.5986e-01
1.4102e-01
1.5100e-01
1.4275e-01
1.3442e-01
1.4234e-01
1.4547e-01
1.2424e-01
1.2386e-01
1.3069e-01
1.2274e-01
1.3568e-01
1.8189e-01
1.3450e-01
1.5479e-01
1.2756e-01
1.4325e-01
1.4391e-01
1.2314e-01
1.3788e-01
1.3788e-01
1.5673e-01
1.2610e-01
